1.449999999999999900e-02 6.831815999999999804e+03 2.096592000000000098e+03
1.549999999999999989e-02 1.035390999999999985e+04 1.002754000000000019e+03
1.650000000000000078e-02 1.026406999999999971e+04 6.969573000000000320e+02
1.750000000000000167e-02 1.070911000000000058e+04 5.191064000000000078e+02
1.850000000000000255e-02 1.040502000000000044e+04 3.982160000000000082e+02
1.949999999999999997e-02 1.033978000000000065e+04 3.165276999999999816e+02
2.050000000000000086e-02 9.749996999999999389e+03 2.558048000000000002e+02
2.149999999999999828e-02 9.617257999999999811e+03 2.121814999999999998e+02
2.249999999999999917e-02 9.173352999999999156e+03 1.825749999999999886e+02
2.350000000000000006e-02 8.670547000000000480e+03 1.593283999999999878e+02
2.450000000000000094e-02 8.038315999999999804e+03 1.362146999999999935e+02
2.550000000000000183e-02 7.819377999999999702e+03 1.238917000000000002e+02
2.649999999999999925e-02 7.398436999999999898e+03 1.111704000000000008e+02
2.749999999999999667e-02 6.899917999999999665e+03 9.882703999999999667e+01
2.850000000000000103e-02 6.583752000000000407e+03 9.151102000000000203e+01
2.949999999999999845e-02 6.144695999999999913e+03 8.186990000000000123e+01
3.050000000000000280e-02 5.729757999999999811e+03 7.451702000000000226e+01
3.150000000000000022e-02 5.301787999999999556e+03 6.831472999999999729e+01
3.250000000000000111e-02 4.937141999999999825e+03 6.210155999999999921e+01
3.350000000000000200e-02 4.586846999999999753e+03 5.844200000000000017e+01
3.450000000000000289e-02 4.331364999999999782e+03 5.428179999999999694e+01
3.550000000000000377e-02 3.913927999999999884e+03 4.881824999999999903e+01
3.649999999999999772e-02 3.652108999999999924e+03 4.574976999999999805e+01
3.749999999999999861e-02 3.440487000000000080e+03 4.283675000000000210e+01
3.849999999999999950e-02 3.120967000000000098e+03 3.948237999999999914e+01
3.950000000000000733e-02 2.820090000000000146e+03 3.607274999999999920e+01
4.049999999999999434e-02 2.543737999999999829e+03 3.363600999999999885e+01
4.150000000000000216e-02 2.308954999999999927e+03 3.048034000000000177e+01
4.250000000000000305e-02 2.041861000000000104e+03 2.779891999999999896e+01
4.349999999999999700e-02 1.832085000000000036e+03 2.642961999999999989e+01
4.449999999999999789e-02 1.652430000000000064e+03 2.464614999999999867e+01
4.549999999999999878e-02 1.490781999999999925e+03 2.299392999999999887e+01
4.649999999999999967e-02 1.314605000000000018e+03 2.081030000000000157e+01
4.750000000000000056e-02 1.141114000000000033e+03 1.924551999999999907e+01
4.850000000000000144e-02 1.025029999999999973e+03 1.747541000000000011e+01
4.950000000000000233e-02 8.716418999999999642e+02 1.653012000000000015e+01
5.049999999999999628e-02 7.593440000000000509e+02 1.508829000000000065e+01
5.150000000000000411e-02 6.654035999999999831e+02 1.436095000000000077e+01
5.250000000000000500e-02 5.754478000000000293e+02 1.309728999999999921e+01
5.349999999999999895e-02 4.866073999999999842e+02 1.247783000000000087e+01
5.449999999999999983e-02 4.103111000000000104e+02 1.129676000000000080e+01
5.550000000000000072e-02 3.481408999999999878e+02 1.018130000000000024e+01
5.649999999999999467e-02 3.005846999999999980e+02 9.672002000000000876e+00
5.749999999999999556e-02 2.342222999999999900e+02 8.845746999999999360e+00
5.850000000000000339e-02 2.156279000000000110e+02 8.375759000000000398e+00
5.950000000000000427e-02 1.771264999999999930e+02 7.927674999999999805e+00
6.049999999999999822e-02 1.606240999999999985e+02 7.288966000000000278e+00
6.149999999999999911e-02 1.296094999999999970e+02 7.050557999999999659e+00
6.250000000000000000e-02 1.080040999999999940e+02 6.858996999999999566e+00
6.350000000000000089e-02 9.146889000000000181e+01 6.519802999999999571e+00
6.450000000000000178e-02 7.719848000000000354e+01 6.153158999999999601e+00
6.550000000000000266e-02 7.436637000000000342e+01 6.075380000000000003e+00
6.650000000000000355e-02 7.088051000000000101e+01 5.566214999999999691e+00
6.750000000000000444e-02 7.112080000000000268e+01 5.682731000000000421e+00
6.850000000000000533e-02 7.190144999999999698e+01 5.404256000000000171e+00
6.949999999999999234e-02 6.679973999999999990e+01 5.561937000000000353e+00
7.049999999999999323e-02 7.791742999999999597e+01 5.344237999999999822e+00
7.150000000000000799e-02 7.334413000000000693e+01 5.442224999999999646e+00
7.250000000000000888e-02 7.318528000000000588e+01 5.317389999999999617e+00
7.349999999999999589e-02 7.329355999999999938e+01 5.020368999999999637e+00
7.449999999999999678e-02 9.144320000000000448e+01 4.968607999999999691e+00
7.549999999999999767e-02 9.153813999999999851e+01 5.088785999999999810e+00
7.649999999999999856e-02 9.737019999999999698e+01 4.835829999999999629e+00
7.749999999999999944e-02 9.538161999999999807e+01 4.959601000000000148e+00
7.849999999999998646e-02 1.041487000000000052e+02 4.970323999999999742e+00
7.950000000000000122e-02 9.547848000000000468e+01 4.936448999999999643e+00
8.050000000000000211e-02 1.037951999999999941e+02 4.777382000000000239e+00
8.149999999999998912e-02 1.019034000000000049e+02 4.761072000000000415e+00
8.250000000000000389e-02 1.039004999999999939e+02 4.615325000000000344e+00
8.349999999999999090e-02 1.000177999999999940e+02 4.710191000000000017e+00
8.449999999999999178e-02 9.886182999999999765e+01 4.497797000000000267e+00
8.550000000000000655e-02 9.907475999999999772e+01 4.285163999999999973e+00
8.649999999999999356e-02 8.970220000000000482e+01 4.190334000000000003e+00
8.750000000000000833e-02 8.430254999999999654e+01 4.055291999999999675e+00
8.849999999999999534e-02 8.194389999999999930e+01 4.181381000000000014e+00
8.949999999999999623e-02 8.235900999999999783e+01 3.939796999999999993e+00
9.050000000000001099e-02 8.019069000000000358e+01 3.820263000000000186e+00
9.149999999999999800e-02 6.757935999999999410e+01 3.709893999999999803e+00
9.249999999999999889e-02 6.826148000000000593e+01 3.820961000000000052e+00
9.349999999999999978e-02 6.227810999999999808e+01 3.328519000000000005e+00
9.450000000000000067e-02 6.059852999999999668e+01 3.366346000000000060e+00
9.550000000000000155e-02 4.698199000000000325e+01 3.263005999999999851e+00
9.650000000000000244e-02 5.130134999999999934e+01 3.047233999999999998e+00
9.750000000000000333e-02 4.630552999999999741e+01 2.991537000000000113e+00
9.849999999999999034e-02 3.488358999999999810e+01 2.657706000000000124e+00
9.950000000000000511e-02 3.668724000000000274e+01 2.779262999999999817e+00
1.005000000000000060e-01 2.598367999999999967e+01 2.791885000000000172e+00
1.014999999999999930e-01 2.547408000000000072e+01 2.494219999999999882e+00
1.025000000000000078e-01 2.533180000000000121e+01 2.277874000000000176e+00
1.034999999999999948e-01 2.047122999999999848e+01 2.461476000000000219e+00
1.044999999999999957e-01 2.373197000000000045e+01 2.245388000000000162e+00
1.055000000000000104e-01 1.678950999999999993e+01 2.167088000000000125e+00
1.064999999999999974e-01 1.484980999999999973e+01 2.020583999999999936e+00
1.074999999999999845e-01 1.058742999999999945e+01 2.007042999999999910e+00
1.084999999999999992e-01 1.274008000000000074e+01 1.927173999999999943e+00
1.095000000000000001e-01 1.123520000000000074e+01 1.842589999999999950e+00
1.105000000000000149e-01 9.959308000000000050e+00 1.731786999999999965e+00
1.115000000000000019e-01 1.160576000000000008e+01 1.671658000000000088e+00
1.124999999999999889e-01 1.050074000000000041e+01 1.803071000000000090e+00
1.135000000000000037e-01 1.231249000000000038e+01 1.656765000000000043e+00
1.145000000000000046e-01 1.167824000000000062e+01 1.699545000000000083e+00
1.154999999999999916e-01 1.308897999999999939e+01 1.609650999999999943e+00
1.165000000000000063e-01 1.214057999999999993e+01 1.482631999999999950e+00
1.174999999999999933e-01 1.081029000000000018e+01 1.594718999999999998e+00
1.184999999999999942e-01 1.142969000000000079e+01 1.549625000000000030e+00
1.195000000000000090e-01 1.365427000000000035e+01 1.483591000000000104e+00
1.204999999999999960e-01 1.331235999999999997e+01 1.409361000000000086e+00
1.214999999999999969e-01 1.499770000000000003e+01 1.481843000000000021e+00
1.224999999999999978e-01 1.318987000000000087e+01 1.604829999999999979e+00
1.234999999999999987e-01 1.458661000000000030e+01 1.543641999999999959e+00
1.244999999999999996e-01 1.578462000000000032e+01 1.312829000000000024e+00
1.255000000000000004e-01 1.815332000000000079e+01 1.410681000000000074e+00
1.265000000000000013e-01 1.787566999999999950e+01 1.475724999999999953e+00
1.275000000000000022e-01 1.735281000000000162e+01 1.299635000000000096e+00
1.285000000000000031e-01 1.751359000000000066e+01 1.425100000000000033e+00
1.295000000000000040e-01 1.723996999999999957e+01 1.346778999999999948e+00
1.305000000000000049e-01 1.637233000000000160e+01 1.267230000000000079e+00
1.315000000000000058e-01 1.650346000000000046e+01 1.292842999999999964e+00
1.325000000000000067e-01 1.669434000000000040e+01 1.302192999999999934e+00
1.335000000000000075e-01 1.709202000000000155e+01 1.253814999999999902e+00
1.345000000000000084e-01 1.520435999999999943e+01 1.161094000000000070e+00
1.355000000000000093e-01 1.410375999999999941e+01 1.195572000000000079e+00
1.365000000000000102e-01 1.447582000000000058e+01 1.087275999999999909e+00
1.375000000000000111e-01 1.408464000000000027e+01 1.048605999999999927e+00
1.384999999999999842e-01 1.208666000000000018e+01 1.116360000000000019e+00
1.395000000000000129e-01 1.029967000000000077e+01 1.031714000000000020e+00
1.405000000000000138e-01 1.101604999999999990e+01 9.835498999999999770e-01
1.414999999999999869e-01 1.021724999999999994e+01 9.022367999999999499e-01
1.425000000000000155e-01 9.556416000000000466e+00 9.043324000000000362e-01
1.434999999999999887e-01 9.030827999999999633e+00 8.901700000000000168e-01
1.444999999999999896e-01 7.807610999999999635e+00 8.675165000000000237e-01
1.455000000000000182e-01 5.819215999999999944e+00 7.669396000000000546e-01
1.464999999999999913e-01 6.886384999999999756e+00 8.617371999999999810e-01
1.474999999999999922e-01 5.517440999999999818e+00 7.306943999999999662e-01
1.484999999999999931e-01 4.512133000000000393e+00 7.155508000000000424e-01
1.494999999999999940e-01 4.302054000000000045e+00 7.126360999999999946e-01
1.504999999999999949e-01 4.152809999999999668e+00 7.374425000000000008e-01
1.514999999999999958e-01 3.260527999999999871e+00 7.040817000000000325e-01
1.524999999999999967e-01 4.185648999999999731e+00 6.553677999999999448e-01
1.534999999999999976e-01 3.754037999999999986e+00 5.894572999999999618e-01
1.544999999999999984e-01 3.757242000000000193e+00 6.187485000000000346e-01
1.554999999999999993e-01 3.587413999999999881e+00 5.898938999999999711e-01
1.565000000000000002e-01 3.686244999999999994e+00 5.627518000000000242e-01
1.575000000000000011e-01 2.782348999999999961e+00 6.377644999999999564e-01
1.585000000000000020e-01 3.999337000000000142e+00 5.428188999999999931e-01
1.594999999999999751e-01 3.820672000000000068e+00 5.414906999999999915e-01
1.604999999999999760e-01 2.967503999999999920e+00 5.977660999999999669e-01
1.615000000000000047e-01 3.299973000000000045e+00 5.760661999999999727e-01
1.625000000000000056e-01 3.259180000000000188e+00 6.262442000000000286e-01
1.635000000000000064e-01 4.805773000000000295e+00 6.089489999999999625e-01
1.644999999999999796e-01 2.632495000000000029e+00 6.706931999999999894e-01
1.654999999999999805e-01 4.290982999999999770e+00 6.214720000000000244e-01
1.665000000000000091e-01 4.743268999999999735e+00 6.087860000000000493e-01
1.675000000000000100e-01 4.784728000000000314e+00 6.363889000000000351e-01
1.685000000000000109e-01 6.034728999999999566e+00 5.862827000000000455e-01
1.694999999999999840e-01 5.625549000000000355e+00 6.062429000000000290e-01
1.704999999999999849e-01 5.164690000000000225e+00 6.124513999999999792e-01
1.714999999999999858e-01 3.899366000000000110e+00 6.520869000000000248e-01
1.725000000000000144e-01 4.645597000000000421e+00 6.352864999999999762e-01
1.735000000000000153e-01 5.110548999999999786e+00 5.779258000000000450e-01
1.744999999999999885e-01 5.008022999999999669e+00 7.007438000000000278e-01
1.754999999999999893e-01 4.076019999999999754e+00 6.612365000000000048e-01
1.764999999999999902e-01 5.537663000000000224e+00 6.447530999999999679e-01
1.774999999999999911e-01 4.887977000000000238e+00 5.975047999999999471e-01
1.785000000000000198e-01 5.688615999999999673e+00 6.006253000000000286e-01
1.794999999999999929e-01 5.624463000000000434e+00 6.097694000000000170e-01
1.804999999999999938e-01 4.244372000000000256e+00 6.144984000000000002e-01
1.814999999999999947e-01 3.915753000000000039e+00 5.425963000000000314e-01
1.824999999999999956e-01 4.432774000000000214e+00 6.271292000000000533e-01
1.835000000000000242e-01 3.319895999999999958e+00 6.437024000000000079e-01
1.844999999999999973e-01 4.538146000000000235e+00 5.644491999999999843e-01
1.854999999999999982e-01 3.594167000000000112e+00 5.943340999999999763e-01
1.864999999999999991e-01 2.151225000000000165e+00 6.060465000000000435e-01
1.875000000000000000e-01 3.197048999999999808e+00 4.861553000000000124e-01
1.885000000000000009e-01 3.023651000000000089e+00 5.363613000000000408e-01
1.895000000000000018e-01 2.513351999999999808e+00 5.340770999999999713e-01
1.905000000000000027e-01 1.919218000000000091e+00 4.458909999999999818e-01
1.915000000000000036e-01 1.601058000000000092e+00 5.193229000000000317e-01
1.925000000000000044e-01 2.234725000000000072e+00 4.749267999999999823e-01
1.935000000000000053e-01 2.461060999999999943e+00 4.444931999999999772e-01
1.944999999999999785e-01 1.161472000000000060e+00 5.335170000000000190e-01
1.955000000000000071e-01 1.733038999999999996e+00 4.609842000000000106e-01
1.965000000000000080e-01 1.174144999999999994e+00 4.540950000000000264e-01
1.975000000000000089e-01 2.233102999999999838e+00 3.715724999999999723e-01
1.985000000000000098e-01 1.198714000000000057e+00 4.717345000000000010e-01
1.994999999999999829e-01 1.017122999999999999e+00 4.073864999999999847e-01
2.004999999999999838e-01 1.030097999999999958e+00 4.117525000000000213e-01
2.015000000000000124e-01 1.729228999999999905e+00 3.570169000000000259e-01
2.025000000000000133e-01 1.369571000000000094e+00 3.503292000000000073e-01
2.035000000000000142e-01 1.597137999999999947e+00 3.534046000000000132e-01
2.044999999999999873e-01 2.002852999999999994e+00 4.126643999999999868e-01
2.054999999999999882e-01 1.676736999999999922e+00 4.094269999999999854e-01
2.065000000000000169e-01 1.774043999999999954e+00 4.057843999999999896e-01
2.075000000000000178e-01 1.280850999999999962e+00 4.134151999999999827e-01
2.085000000000000187e-01 2.088140999999999803e+00 4.430618000000000056e-01
2.094999999999999918e-01 2.342703000000000202e+00 4.012067000000000272e-01
2.104999999999999927e-01 1.200293999999999972e+00 4.148237000000000174e-01
2.114999999999999936e-01 2.409406999999999854e+00 3.773504999999999776e-01
2.125000000000000222e-01 2.161563000000000123e+00 3.884189000000000114e-01
2.135000000000000231e-01 1.592627000000000015e+00 4.418005999999999878e-01
2.144999999999999962e-01 1.334586000000000050e+00 4.374373999999999763e-01
2.154999999999999971e-01 2.299675000000000136e+00 3.477540000000000076e-01
2.164999999999999980e-01 2.574485999999999830e+00 4.560873999999999762e-01
2.174999999999999711e-01 2.633773999999999837e+00 3.481381000000000059e-01
2.185000000000000275e-01 1.804221000000000075e+00 4.008135999999999921e-01
2.195000000000000007e-01 1.920036999999999994e+00 4.567979999999999818e-01
2.205000000000000016e-01 2.159555000000000113e+00 3.818393999999999955e-01
2.215000000000000024e-01 2.602199999999999847e+00 4.507134999999999891e-01
2.224999999999999756e-01 1.989176999999999973e+00 3.847723000000000115e-01
2.234999999999999765e-01 1.790472000000000063e+00 4.366643000000000052e-01
2.245000000000000051e-01 1.413434000000000079e+00 4.425922999999999941e-01
2.255000000000000060e-01 2.326331000000000149e+00 4.244820999999999733e-01
2.265000000000000069e-01 1.452631000000000006e+00 4.191192999999999724e-01
2.274999999999999800e-01 1.294367999999999963e+00 3.884508999999999879e-01
2.284999999999999809e-01 1.439764999999999961e+00 3.517279999999999851e-01
2.295000000000000095e-01 1.910468999999999973e+00 3.823925000000000241e-01
2.305000000000000104e-01 1.436719000000000079e+00 4.412437000000000165e-01
2.315000000000000113e-01 1.101930000000000076e+00 3.625829999999999886e-01
2.324999999999999845e-01 1.123018999999999989e+00 4.086904000000000092e-01
2.334999999999999853e-01 1.591439000000000048e+00 3.045927999999999969e-01
2.344999999999999862e-01 9.682309000000000054e-01 3.638636000000000092e-01
2.355000000000000149e-01 1.758253000000000066e+00 3.445441000000000198e-01
2.365000000000000158e-01 5.895361000000000073e-01 3.436045999999999823e-01
2.374999999999999889e-01 1.427380000000000093e+00 3.159254000000000229e-01
2.384999999999999898e-01 8.342813999999999508e-01 2.738471000000000100e-01
2.394999999999999907e-01 3.193291999999999797e-01 4.163744999999999807e-01
2.404999999999999916e-01 2.795668000000000111e-02 3.828190000000000204e-01
2.415000000000000202e-01 5.812838999999999645e-01 3.632596000000000158e-01
2.424999999999999933e-01 6.493293999999999455e-01 3.098849000000000187e-01
2.434999999999999942e-01 6.601593000000000044e-01 2.929554999999999798e-01
2.444999999999999951e-01 9.537206999999999768e-01 3.253165000000000084e-01
2.454999999999999960e-01 6.618654000000000481e-01 3.068357999999999919e-01
2.464999999999999969e-01 6.695276999999999479e-01 3.255444000000000115e-01
2.474999999999999978e-01 3.428916000000000186e-01 3.145809999999999995e-01
2.484999999999999987e-01 6.408101999999999965e-01 3.617304000000000075e-01
2.494999999999999996e-01 8.850974000000000341e-01 2.339731999999999923e-01
2.505000000000000004e-01 5.176245000000000429e-01 2.732341999999999826e-01
2.515000000000000013e-01 9.508204999999999574e-01 2.435327999999999937e-01
2.525000000000000022e-01 7.350887000000000393e-01 3.098099999999999743e-01
2.535000000000000031e-01 1.123796999999999935e+00 3.097028000000000003e-01
2.545000000000000040e-01 1.168835000000000068e+00 2.810275999999999885e-01
2.555000000000000049e-01 9.881940000000000168e-01 2.941416000000000031e-01
2.565000000000000058e-01 3.811060000000000003e-01 3.703955999999999915e-01
2.575000000000000067e-01 1.265822000000000003e+00 3.694363999999999981e-01
2.585000000000000075e-01 1.237945999999999991e+00 2.554192000000000129e-01
2.595000000000000084e-01 1.006145999999999985e+00 3.210572999999999899e-01
2.605000000000000093e-01 1.074872000000000050e+00 2.714790000000000258e-01
2.615000000000000102e-01 6.557640000000000136e-01 3.460969999999999880e-01
2.625000000000000111e-01 6.027605999999999797e-01 4.013932000000000055e-01
2.634999999999999565e-01 8.920833000000000235e-01 3.089404000000000039e-01
2.645000000000000129e-01 8.434333000000000524e-01 2.766505000000000214e-01
2.655000000000000138e-01 1.073164999999999925e+00 3.083778999999999826e-01
2.665000000000000147e-01 2.032327999999999912e-01 3.163901000000000074e-01
2.675000000000000155e-01 8.525251000000000356e-01 3.175514999999999866e-01
2.684999999999999609e-01 3.046575000000000255e-01 2.794499999999999762e-01
2.695000000000000173e-01 8.346597000000000044e-01 2.960467999999999988e-01
2.705000000000000182e-01 3.807862000000000191e-01 2.974797000000000136e-01
2.715000000000000191e-01 8.482129999999999947e-01 2.623039999999999816e-01
2.725000000000000200e-01 6.795396000000000214e-01 3.014037999999999995e-01
2.734999999999999654e-01 4.560420000000000029e-01 2.599157000000000273e-01
2.744999999999999662e-01 7.295911999999999953e-01 2.734086000000000016e-01
2.755000000000000226e-01 4.925460999999999867e-01 2.775779999999999914e-01
2.765000000000000235e-01 2.940908999999999884e-01 3.421484000000000192e-01
2.775000000000000244e-01 3.740520999999999985e-01 3.199331000000000258e-01
2.784999999999999698e-01 8.110304999999999875e-01 2.558455000000000035e-01
2.794999999999999707e-01 1.170651000000000108e+00 2.610337999999999825e-01
2.804999999999999716e-01 5.705940000000000456e-01 2.337527000000000077e-01
2.815000000000000280e-01 2.521130999999999789e-01 3.387486000000000108e-01
2.825000000000000289e-01 3.307355000000000156e-01 2.696182999999999774e-01
2.834999999999999742e-01 3.034735000000000071e-01 2.166740000000000055e-01
2.844999999999999751e-01 4.911088000000000120e-01 3.088187000000000015e-01
2.854999999999999760e-01 1.561377999999999933e-01 3.212937000000000154e-01
2.864999999999999769e-01 2.190555999999999892e-01 2.640399999999999969e-01
2.875000000000000333e-01 2.643439000000000205e-01 2.256510999999999934e-01
2.884999999999999787e-01 1.849669999999999925e-01 3.065692999999999890e-01
2.894999999999999796e-01 1.912330999999999892e-01 2.694624999999999937e-01
2.904999999999999805e-01 4.006792000000000131e-01 2.551952000000000109e-01
2.914999999999999813e-01 5.601650999999999714e-01 2.527835999999999972e-01
2.925000000000000377e-01 5.826613999999999960e-01 2.706933000000000256e-01
2.934999999999999831e-01 5.426396999999999471e-01 2.574479000000000073e-01
2.944999999999999840e-01 4.092349000000000125e-01 2.787696000000000063e-01
2.954999999999999849e-01 6.251341000000000259e-01 2.333127999999999869e-01
2.964999999999999858e-01 6.201727999999999685e-01 2.423253999999999964e-01
2.974999999999999867e-01 1.623622000000000121e-01 2.658394000000000035e-01
2.984999999999999876e-01 4.707367000000000079e-01 2.715736999999999735e-01
2.994999999999999885e-01 2.063938999999999913e-01 2.648650000000000171e-01
3.004999999999999893e-01 3.075030999999999737e-01 2.424553000000000125e-01
3.014999999999999902e-01 2.300514999999999921e-01 2.962877999999999901e-01
3.024999999999999911e-01 4.681452999999999864e-01 2.748631999999999742e-01
3.034999999999999920e-01 1.547370999999999885e-01 2.827570999999999835e-01
3.044999999999999929e-01 4.165711999999999748e-01 3.054592999999999892e-01
3.054999999999999938e-01 9.962326000000000237e-01 2.091647000000000090e-01
3.064999999999999947e-01 1.107425000000000104e+00 2.029668000000000028e-01
3.074999999999999956e-01 6.280531999999999782e-01 2.482804000000000122e-01
3.084999999999999964e-01 2.723758000000000012e-01 2.872455999999999898e-01
3.094999999999999973e-01 8.526112999999999609e-01 2.500174000000000007e-01
3.104999999999999982e-01 5.763652000000000220e-01 2.357624000000000108e-01
3.114999999999999991e-01 1.379814000000000040e-01 2.678517999999999732e-01
3.125000000000000000e-01 6.769606999999999708e-01 1.966780999999999946e-01
3.135000000000000009e-01 1.093502999999999975e-01 2.681476999999999888e-01
3.145000000000000018e-01 6.633118999999999543e-01 2.472726000000000091e-01
3.155000000000000027e-01 2.994294000000000122e-01 2.580703999999999776e-01
3.165000000000000036e-01 2.473701000000000094e-01 2.877841999999999900e-01
3.175000000000000044e-01 4.386960999999999777e-01 2.262979999999999992e-01
3.185000000000000053e-01 2.849177999999999988e-01 2.462405000000000010e-01
3.195000000000000062e-01 3.622637000000000218e-01 2.295204999999999884e-01
3.205000000000000071e-01 2.536155999999999966e-01 2.558629000000000042e-01
3.215000000000000080e-01 4.649923999999999724e-01 2.203809999999999936e-01
3.225000000000000089e-01 2.702873000000000081e-01 2.590377999999999847e-01
3.234999999999999543e-01 1.986083999999999905e-01 1.972164999999999890e-01
3.245000000000000107e-01 -2.844628999999999908e-02 3.055136999999999992e-01
3.255000000000000115e-01 4.663681000000000076e-01 2.050951000000000024e-01
3.265000000000000124e-01 -2.004360000000000169e-02 2.857883999999999980e-01
3.275000000000000133e-01 2.415541999999999967e-01 2.167836999999999958e-01
3.284999999999999587e-01 -2.786684999999999857e-01 3.102121999999999935e-01
3.295000000000000151e-01 -7.201507000000000047e-02 2.840649000000000091e-01
3.305000000000000160e-01 -1.681582000000000077e-01 3.169935999999999865e-01
3.315000000000000169e-01 3.004771999999999998e-01 2.402421999999999891e-01
3.325000000000000178e-01 1.800594000000000153e-02 2.749498000000000220e-01
3.334999999999999631e-01 2.477550000000000030e-01 1.919499000000000066e-01
3.345000000000000195e-01 -1.117254000000000025e-01 2.874482999999999899e-01
3.355000000000000204e-01 1.099722999999999951e-01 2.595716000000000134e-01
3.365000000000000213e-01 -2.252481000000000066e-01 2.635597000000000079e-01
3.375000000000000222e-01 5.797175000000000245e-02 2.533279999999999976e-01
3.384999999999999676e-01 4.228422000000000014e-01 1.861405999999999894e-01
3.395000000000000240e-01 1.612321999999999922e-01 2.495652999999999899e-01
3.404999999999999694e-01 1.180644999999999958e-02 2.459329000000000098e-01
3.415000000000000258e-01 3.545516000000000223e-01 2.180081000000000102e-01
3.425000000000000266e-01 2.397074999999999900e-01 2.141445999999999905e-01
3.434999999999999720e-01 2.665112000000000037e-01 2.205862000000000100e-01
3.445000000000000284e-01 4.016349000000000169e-01 1.908505000000000063e-01
3.454999999999999738e-01 3.279621999999999815e-01 2.058088999999999891e-01
3.465000000000000302e-01 1.584884000000000015e-01 2.186612000000000000e-01
3.475000000000000311e-01 9.469059999999999630e-03 2.419207999999999914e-01
3.484999999999999765e-01 4.413097000000000270e-01 1.531100999999999990e-01
3.495000000000000329e-01 3.423689999999999789e-01 2.456600999999999924e-01
3.504999999999999782e-01 3.931484000000000090e-01 2.328726999999999880e-01
3.515000000000000346e-01 2.630404000000000075e-02 2.283857999999999999e-01
3.524999999999999800e-01 3.078069999999999973e-01 1.630357000000000056e-01
3.534999999999999809e-01 6.339542000000000233e-01 1.975452000000000041e-01
3.545000000000000373e-01 4.867905000000000149e-01 1.781905000000000017e-01
3.554999999999999827e-01 7.676966000000000345e-02 2.510178000000000131e-01
3.565000000000000391e-01 2.646183999999999759e-01 2.114939000000000124e-01
3.574999999999999845e-01 1.483398999999999968e-01 2.120479000000000114e-01
3.584999999999999853e-01 4.867806000000000077e-01 1.715747999999999995e-01
3.595000000000000417e-01 4.142994999999999872e-01 1.564294999999999991e-01
3.604999999999999871e-01 3.770152999999999976e-01 1.832518999999999953e-01
3.615000000000000435e-01 3.006881000000000137e-01 2.360787000000000024e-01
3.624999999999999889e-01 3.800014999999999921e-01 1.743830000000000102e-01
3.634999999999999898e-01 3.629630999999999830e-01 1.323493000000000031e-01
3.645000000000000462e-01 3.698390999999999762e-01 2.242964000000000069e-01
3.654999999999999916e-01 2.944763000000000241e-01 2.526241000000000181e-01
3.665000000000000480e-01 2.416133000000000031e-01 1.580041000000000084e-01
3.674999999999999933e-01 3.461641999999999775e-01 1.552706000000000086e-01
3.684999999999999942e-01 3.142635999999999763e-01 2.381834999999999924e-01
3.694999999999999396e-01 2.102690999999999866e-01 1.597320000000000129e-01
3.704999999999999960e-01 -7.777573999999999599e-02 2.387007999999999908e-01
3.715000000000000524e-01 2.616225999999999829e-01 2.790057000000000231e-01
3.724999999999999978e-01 -1.817361999999999866e-01 2.504103999999999774e-01
3.734999999999999987e-01 2.418948999999999960e-01 1.679758000000000084e-01
3.744999999999999440e-01 5.289241000000000081e-01 2.112883000000000122e-01
3.755000000000000004e-01 5.016504000000000518e-01 1.726447000000000120e-01
3.765000000000000568e-01 2.469466999999999912e-01 1.970644000000000007e-01
3.775000000000000022e-01 4.458562999999999832e-01 1.456295999999999979e-01
3.785000000000000031e-01 3.131790999999999742e-02 1.828259000000000134e-01
3.794999999999999485e-01 1.816448999999999842e-02 2.038946000000000092e-01
3.805000000000000049e-01 1.673070000000000113e-01 1.872668000000000110e-01
3.815000000000000613e-01 8.181782999999999417e-02 2.673157999999999923e-01
3.825000000000000067e-01 1.129486999999999991e-01 1.730286000000000046e-01
3.835000000000000075e-01 4.438499000000000194e-01 1.723732000000000042e-01
3.844999999999999529e-01 2.167221000000000009e-01 1.323334999999999928e-01
3.855000000000000093e-01 -3.755674999999999986e-01 3.030346999999999902e-01
3.864999999999999547e-01 8.958130999999999733e-02 1.901999000000000051e-01
3.875000000000000111e-01 4.742439999999999989e-01 1.601286000000000098e-01
3.885000000000000120e-01 7.686495000000000133e-02 2.079529999999999990e-01
3.894999999999999574e-01 9.193925999999999835e-04 2.179693000000000047e-01
3.905000000000000138e-01 3.608511999999999831e-01 2.494354000000000016e-01
3.914999999999999591e-01 3.597875999999999852e-03 2.546595999999999860e-01
3.925000000000000155e-01 1.433309000000000111e-01 1.746999999999999942e-01
3.935000000000000164e-01 -3.767780999999999908e-02 2.409372999999999931e-01
3.944999999999999618e-01 2.923804999999999876e-01 1.410929999999999962e-01
3.955000000000000182e-01 2.354719999999999869e-01 1.746937000000000073e-01
3.964999999999999636e-01 6.137393000000000015e-02 2.570931000000000188e-01
3.975000000000000200e-01 2.521499999999999853e-01 1.808987999999999985e-01
3.984999999999999654e-01 2.782440999999999942e-01 2.225065999999999988e-01
3.994999999999999662e-01 2.014670000000000072e-01 1.403191000000000022e-01
4.005000000000000226e-01 -6.954056000000000126e-03 1.985983000000000054e-01
4.014999999999999680e-01 3.531970999999999861e-01 2.072756000000000043e-01
4.025000000000000244e-01 7.231219999999999315e-02 2.473875000000000102e-01
4.034999999999999698e-01 2.945815999999999990e-01 1.530154999999999987e-01
4.044999999999999707e-01 6.517802999999999791e-02 1.763672000000000017e-01
4.055000000000000271e-01 -4.997387999999999830e-02 2.329742999999999953e-01
4.064999999999999725e-01 1.753009000000000095e-01 1.615565999999999947e-01
4.075000000000000289e-01 -6.056461999999999957e-02 2.475754000000000010e-01
4.084999999999999742e-01 1.323622999999999987e-02 1.879900999999999933e-01
4.094999999999999751e-01 1.784575999999999940e-01 1.846752999999999867e-01
4.105000000000000315e-01 8.087798000000000209e-02 1.986861000000000044e-01
4.114999999999999769e-01 3.504661000000000026e-01 1.877434000000000047e-01
4.125000000000000333e-01 2.165845999999999882e-01 2.205004000000000131e-01
4.134999999999999787e-01 2.027727000000000002e-01 1.730414999999999870e-01
4.144999999999999796e-01 3.160749999999999948e-01 1.516720000000000013e-01
4.154999999999999805e-01 1.227618999999999932e-01 1.413794999999999913e-01
4.164999999999999813e-01 -1.042153999999999997e-01 2.418056000000000094e-01
4.175000000000000377e-01 -1.985552000000000150e-02 1.778152000000000066e-01
4.184999999999999831e-01 3.566418000000000019e-03 1.728501000000000065e-01
4.194999999999999840e-01 1.781081999999999943e-01 1.787795000000000079e-01
4.204999999999999849e-01 5.423481000000000135e-02 1.781372999999999984e-01
4.214999999999999858e-01 -5.114177000000000133e-03 1.921241999999999950e-01
4.225000000000000422e-01 1.700244999999999951e-01 1.894008000000000080e-01
4.234999999999999876e-01 8.212964999999999849e-02 1.622795999999999961e-01
4.244999999999999885e-01 3.296866999999999992e-01 1.198526000000000036e-01
4.254999999999999893e-01 -2.608103999999999978e-01 2.559837999999999836e-01
4.264999999999999902e-01 3.763607000000000063e-02 2.501420999999999784e-01
4.275000000000000466e-01 -3.091948999999999947e-01 2.250733000000000039e-01
4.284999999999999920e-01 3.836834000000000078e-01 1.208977999999999997e-01
4.294999999999999929e-01 7.870195000000000662e-02 1.874152000000000040e-01
4.304999999999999938e-01 1.485232999999999970e-01 1.451786999999999939e-01
4.314999999999999947e-01 3.331894000000000244e-01 1.129822999999999938e-01
4.324999999999999956e-01 7.963600999999999319e-02 2.167408000000000112e-01
4.334999999999999964e-01 1.885818999999999968e-01 1.720540000000000125e-01
4.344999999999999973e-01 -4.739476000000000244e-01 3.016545999999999950e-01
4.354999999999999982e-01 1.623290000000000011e-01 1.140126999999999946e-01
4.364999999999999991e-01 -1.873831999999999928e-02 1.951151000000000135e-01
4.375000000000000000e-01 -2.004570999999999992e-01 2.346530000000000005e-01
4.385000000000000009e-01 3.205762999999999807e-01 1.691237999999999908e-01
4.395000000000000018e-01 2.239596000000000087e-01 1.147872999999999949e-01
4.405000000000000027e-01 -4.141438000000000064e-02 2.189780000000000060e-01
4.415000000000000036e-01 2.599601000000000273e-01 2.098059999999999925e-01
4.425000000000000044e-01 -1.547756000000000132e-01 2.700813000000000241e-01
4.435000000000000053e-01 2.543904000000000165e-01 1.242504999999999998e-01
4.445000000000000062e-01 7.701252999999999571e-02 1.753167999999999949e-01
4.455000000000000071e-01 6.430524999999999436e-02 1.508945999999999898e-01
4.465000000000000080e-01 1.399701999999999891e-01 1.864908999999999872e-01
4.475000000000000089e-01 3.143641999999999825e-01 1.542812000000000072e-01
4.485000000000000098e-01 2.128176999999999985e-01 2.100375999999999910e-01
4.494999999999999551e-01 1.753267000000000020e-02 1.701842000000000077e-01
4.505000000000000115e-01 2.882751999999999884e-02 1.532863999999999893e-01
4.515000000000000124e-01 -3.943264000000000213e-01 2.975623000000000018e-01
4.525000000000000133e-01 -2.534308999999999867e-02 2.154858000000000051e-01
4.535000000000000142e-01 -1.320430999999999966e-01 2.374180999999999930e-01
4.544999999999999596e-01 1.422868999999999939e-01 1.524106000000000072e-01
4.555000000000000160e-01 3.592917000000000333e-02 1.825672000000000128e-01
4.565000000000000169e-01 1.213366000000000028e-01 1.287746999999999920e-01
4.575000000000000178e-01 3.238453000000000026e-01 1.330853999999999926e-01
4.585000000000000187e-01 2.532837000000000005e-01 2.252974000000000088e-01
4.594999999999999640e-01 1.257696000000000092e-01 1.467326999999999937e-01
4.605000000000000204e-01 5.573453999999999908e-02 1.486794999999999922e-01
4.614999999999999658e-01 -1.595074999999999965e-01 1.952899999999999914e-01
4.625000000000000222e-01 2.672714999999999952e-01 1.872947000000000084e-01
4.635000000000000231e-01 -4.641297999999999951e-02 2.264163999999999899e-01
4.644999999999999685e-01 -1.252389999999999892e-01 2.419634999999999980e-01
4.655000000000000249e-01 1.178377000000000036e-01 1.380386999999999864e-01
4.664999999999999702e-01 1.605681999999999943e-01 1.604730000000000045e-01
4.675000000000000266e-01 1.794034999999999935e-01 2.000728999999999980e-01
4.685000000000000275e-01 1.828802999999999956e-01 1.579301999999999928e-01
4.694999999999999729e-01 1.500327999999999939e-01 1.570052999999999865e-01
4.705000000000000293e-01 -2.886738999999999833e-01 2.830321000000000087e-01
4.714999999999999747e-01 1.685777999999999999e-01 1.946852000000000027e-01
4.725000000000000311e-01 -6.532193999999999501e-02 2.008038000000000045e-01
4.735000000000000320e-01 1.928169999999999884e-01 1.779729999999999923e-01
4.744999999999999774e-01 2.009833000000000106e-02 1.497876999999999958e-01
4.755000000000000338e-01 -1.690493999999999886e-01 2.194288000000000072e-01
4.764999999999999791e-01 1.196061000000000069e-01 1.967151000000000038e-01
4.775000000000000355e-01 1.697896999999999879e-01 1.755539000000000127e-01
4.784999999999999809e-01 3.100185999999999914e-02 1.963525000000000131e-01
4.794999999999999818e-01 2.806222999999999912e-01 1.733919999999999906e-01
4.805000000000000382e-01 3.259068999999999994e-01 1.228245000000000031e-01
4.814999999999999836e-01 -6.281486999999999488e-02 2.595508000000000259e-01
4.825000000000000400e-01 -4.685161999999999660e-02 2.092809999999999948e-01
4.834999999999999853e-01 -1.869155000000000122e-01 2.214607000000000103e-01
4.844999999999999862e-01 -6.745288000000000672e-02 1.898211999999999955e-01
4.855000000000000426e-01 -6.687241000000000019e-03 1.871491000000000127e-01
4.864999999999999880e-01 3.733808999999999826e-03 1.560348000000000013e-01
4.875000000000000444e-01 1.045824999999999949e-01 1.831176999999999944e-01
4.884999999999999898e-01 1.853806000000000065e-01 1.737149000000000054e-01
4.894999999999999907e-01 1.198656000000000027e-01 1.540951999999999877e-01
4.905000000000000471e-01 1.054910000000000014e-01 1.975738999999999967e-01
4.914999999999999925e-01 6.625261000000000344e-02 2.022390000000000021e-01
4.925000000000000488e-01 -5.633919999999999900e-02 1.953285999999999911e-01
4.934999999999999942e-01 1.630376000000000047e-01 1.203700000000000048e-01
4.944999999999999951e-01 1.812236999999999876e-01 1.142851000000000006e-01
4.954999999999999405e-01 -5.792383000000000254e-02 2.098845000000000016e-01
4.964999999999999969e-01 2.916745000000000032e-01 1.849127000000000132e-01
4.975000000000000533e-01 9.624035000000000228e-02 1.463514999999999955e-01
4.984999999999999987e-01 -1.581214999999999982e-01 2.386871999999999883e-01
4.994999999999999996e-01 -1.157897999999999983e-01 2.487216999999999900e-01
5.004999999999999449e-01 1.178032999999999997e-01 6.623350000000000071e-02
5.015000000000000568e-01 -8.524866000000000388e-02 2.005667999999999895e-01
5.025000000000000577e-01 -4.435396999999999812e-01 3.199430999999999803e-01
5.034999999999999476e-01 -8.444081999999999977e-02 2.273911000000000127e-01
5.045000000000000595e-01 -8.948398999999999937e-02 2.358341999999999938e-01
5.054999999999999494e-01 -1.770222999999999935e-01 2.753798000000000079e-01
5.064999999999999503e-01 1.024952999999999975e-01 1.100568999999999992e-01
5.075000000000000622e-01 5.530302000000000134e-02 1.592137999999999887e-01
5.084999999999999520e-01 3.321974999999999789e-01 1.360385000000000066e-01
5.095000000000000639e-01 -5.618105999999999794e-02 1.414076999999999973e-01
5.104999999999999538e-01 -7.888657000000000308e-02 1.464681999999999928e-01
5.115000000000000657e-01 8.510331999999999619e-02 1.688591000000000120e-01
5.124999999999999556e-01 6.722279000000000448e-02 1.747104999999999908e-01
5.134999999999999565e-01 1.140362999999999932e-01 2.293197999999999903e-01
5.145000000000000684e-01 9.308273999999999715e-02 1.323305999999999927e-01
5.154999999999999583e-01 -8.438434000000000212e-02 2.245389999999999886e-01
5.164999999999999591e-01 1.520600000000000007e-01 7.869217000000000573e-02
5.174999999999999600e-01 2.991317000000000004e-01 1.277905000000000013e-01
5.184999999999999609e-01 6.329319999999999391e-02 1.612012999999999918e-01
5.195000000000000728e-01 -2.179616000000000053e-01 2.453739000000000059e-01
5.204999999999999627e-01 -2.446713000000000082e-01 2.118822999999999956e-01
5.215000000000000746e-01 1.560960000000000125e-01 2.176482999999999890e-01
5.224999999999999645e-01 2.283788999999999958e-01 1.393338000000000076e-01
5.234999999999999654e-01 -2.022300000000000139e-02 2.464942999999999995e-01
5.244999999999999662e-01 -4.673193999999999959e-02 2.326502000000000014e-01
5.254999999999999671e-01 -1.711936000000000013e-01 2.162030000000000063e-01
5.264999999999999680e-01 -9.702971999999999986e-02 2.309188000000000074e-01
5.274999999999999689e-01 6.613101000000000396e-02 1.552684000000000009e-01
5.284999999999999698e-01 1.567487999999999937e-01 1.292100999999999944e-01
5.294999999999999707e-01 -4.905724000000000196e-02 1.382668999999999981e-01
5.304999999999999716e-01 1.623799999999999966e-01 1.549553999999999931e-01
5.315000000000000835e-01 1.708356000000000041e-01 1.645049000000000095e-01
5.324999999999999734e-01 3.708386999999999795e-02 1.661681000000000130e-01
5.334999999999999742e-01 2.731824999999999792e-03 1.217262999999999956e-01
5.344999999999999751e-01 9.629211999999999494e-02 2.428847000000000089e-01
5.354999999999999760e-01 -1.543809999999999905e-01 2.632888999999999924e-01
5.364999999999999769e-01 3.127115999999999785e-01 1.754767000000000132e-01
5.374999999999999778e-01 -1.663903999999999939e-01 1.659522999999999970e-01
5.384999999999999787e-01 1.967961000000000016e-01 1.667095000000000105e-01
5.394999999999999796e-01 1.338566999999999951e-01 1.187452999999999981e-01
5.404999999999999805e-01 5.071574999999999694e-02 1.756890000000000118e-01
5.414999999999999813e-01 4.941874000000000267e-02 1.290372999999999937e-01
5.424999999999999822e-01 -1.625592999999999830e-02 1.697590999999999961e-01
5.434999999999999831e-01 2.174815000000000081e-02 1.442440999999999862e-01
5.444999999999999840e-01 9.397002999999999606e-02 6.317367000000000121e-02
5.454999999999999849e-01 -3.871546000000000015e-02 1.423001000000000127e-01
5.464999999999999858e-01 -9.721947000000000227e-02 2.104173000000000016e-01
5.474999999999999867e-01 2.424023999999999901e-01 1.019511000000000028e-01
5.484999999999999876e-01 -3.608465000000000283e-02 1.868923000000000112e-01
5.494999999999999885e-01 -5.502934000000000297e-02 2.349806000000000117e-01
5.504999999999999893e-01 1.893250999999999962e-01 1.497192999999999996e-01
5.514999999999999902e-01 -4.645298999999999956e-02 2.058809000000000056e-01
5.524999999999999911e-01 -1.072347000000000022e-01 1.788530000000000120e-01
5.534999999999999920e-01 9.111503999999999437e-02 1.335636000000000045e-01
5.544999999999999929e-01 1.868634999999999879e-01 8.979581000000000368e-02
5.554999999999999938e-01 3.092096999999999762e-01 1.161208999999999991e-01
5.564999999999999947e-01 -9.449868999999999630e-02 2.053629999999999900e-01
5.574999999999999956e-01 -1.782881000000000049e-01 1.900895999999999975e-01
5.584999999999999964e-01 6.005507999999999680e-02 1.567998999999999921e-01
5.594999999999999973e-01 1.673646999999999982e-02 2.013805999999999929e-01
5.604999999999999982e-01 2.334266000000000119e-01 1.277066000000000034e-01
5.614999999999999991e-01 -1.928969000000000100e-01 2.055666999999999911e-01
5.625000000000000000e-01 2.664297999999999944e-01 1.075402000000000025e-01
5.635000000000000009e-01 9.380439999999999612e-02 6.991867000000000221e-02
5.645000000000000018e-01 9.025292999999999987e-05 1.489872999999999892e-01
5.655000000000000027e-01 2.992914999999999881e-01 1.158978999999999981e-01
5.665000000000000036e-01 5.387497000000000119e-02 1.608342000000000105e-01
5.675000000000000044e-01 2.464436000000000127e-01 1.436686000000000074e-01
5.685000000000000053e-01 2.185721999999999943e-01 9.788252999999999537e-02
5.695000000000000062e-01 1.080768000000000006e-01 2.059638000000000024e-01
5.705000000000000071e-01 2.901051000000000046e-01 1.128436000000000022e-01
5.715000000000000080e-01 2.158800999999999914e-01 1.439724000000000004e-01
5.725000000000000089e-01 -8.974609000000000059e-02 1.711135000000000017e-01
5.735000000000000098e-01 -2.449328000000000061e-01 2.390871999999999997e-01
5.745000000000000107e-01 1.139122000000000051e-01 2.102115999999999985e-01
5.755000000000000115e-01 6.022572999999999815e-02 9.424507000000000023e-02
5.765000000000000124e-01 7.035139999999999449e-02 1.767156000000000005e-01
5.775000000000000133e-01 1.239500999999999936e-01 1.689896999999999927e-01
5.785000000000000142e-01 -5.302302999999999877e-02 2.413559000000000121e-01
5.795000000000000151e-01 2.122170999999999919e-01 1.163711999999999941e-01
5.805000000000000160e-01 2.443587000000000120e-01 1.308200999999999947e-01
5.815000000000000169e-01 1.068182000000000020e-01 6.959585000000000077e-02
5.825000000000000178e-01 6.774351000000000678e-02 1.484260000000000024e-01
5.835000000000000187e-01 1.408973000000000031e-01 1.188387999999999944e-01
5.845000000000000195e-01 2.352725999999999984e-01 1.007321999999999940e-01
5.855000000000000204e-01 -9.494766999999999790e-02 2.125910000000000022e-01
5.865000000000000213e-01 -9.056495000000000517e-02 1.716067000000000009e-01
5.874999999999999112e-01 9.693277000000000143e-02 1.352330999999999950e-01
5.885000000000000231e-01 4.199436000000000141e-02 1.323613999999999902e-01
5.895000000000000240e-01 1.324508999999999929e-02 1.766144000000000047e-01
5.905000000000000249e-01 -5.988450000000000023e-02 1.452794000000000030e-01
5.915000000000000258e-01 -5.512398999999999771e-02 2.164723000000000064e-01
5.925000000000000266e-01 1.060963000000000045e-01 1.724904999999999911e-01
5.935000000000000275e-01 6.590709999999999624e-02 1.568013000000000046e-01
5.945000000000000284e-01 -1.946276999999999868e-01 2.634252999999999734e-01
5.955000000000000293e-01 -1.086904999999999955e-01 2.238369000000000053e-01
5.965000000000000302e-01 5.252190999999999804e-02 1.428513999999999895e-01
5.974999999999999201e-01 1.282978999999999925e-01 1.630231000000000041e-01
5.985000000000000320e-01 -1.729024999999999868e-01 2.450469000000000119e-01
5.995000000000000329e-01 1.562928000000000095e-01 8.666253999999999624e-02
6.005000000000000338e-01 1.692112000000000060e-01 1.016787999999999997e-01
6.015000000000000346e-01 -3.049413999999999944e-02 1.804747999999999908e-01
6.025000000000000355e-01 2.674082999999999877e-01 1.153464000000000017e-01
6.035000000000000364e-01 4.747980999999999729e-02 1.399595999999999896e-01
6.044999999999999263e-01 -5.264702999999999744e-02 1.650734000000000090e-01
6.055000000000000382e-01 5.721003000000000199e-02 1.301268999999999898e-01
6.065000000000000391e-01 -2.836547999999999847e-01 2.530857000000000245e-01
6.074999999999999289e-01 3.159037000000000095e-01 1.186235999999999957e-01
6.085000000000000409e-01 -1.745803999999999967e-01 2.498043000000000069e-01
6.094999999999999307e-01 -1.320273999999999892e-01 1.963458999999999899e-01
6.105000000000000426e-01 1.271749000000000074e-01 7.723072999999999744e-02
6.115000000000000435e-01 1.263739000000000112e-01 7.829643000000000019e-02
6.125000000000000444e-01 6.307902999999999427e-02 1.284737999999999991e-01
6.135000000000000453e-01 1.154999000000000026e-01 1.732342000000000048e-01
6.144999999999999352e-01 -5.992597000000000201e-02 1.570170999999999928e-01
6.155000000000000471e-01 -1.600976000000000066e-01 1.781671999999999978e-01
6.165000000000000480e-01 -2.477108000000000088e-01 2.150018999999999958e-01
6.174999999999999378e-01 8.783027999999999669e-02 1.521142000000000050e-01
6.185000000000000497e-01 4.483879999999999810e-02 1.803188000000000013e-01
6.194999999999999396e-01 2.622713000000000128e-02 1.805107999999999990e-01
6.205000000000000515e-01 1.564801000000000109e-01 1.957376000000000116e-01
6.214999999999999414e-01 2.071819000000000022e-01 9.663755000000000261e-02
6.225000000000000533e-01 8.347556000000000420e-02 1.426486999999999894e-01
6.235000000000000542e-01 1.055323999999999984e-01 1.192099999999999965e-01
6.244999999999999440e-01 -1.295676000000000050e-01 1.885568999999999995e-01
6.254999999999999449e-01 -1.501338999999999972e-02 2.001404999999999990e-01
6.264999999999999458e-01 1.828152999999999861e-01 1.822585999999999928e-01
6.274999999999999467e-01 9.266494999999999593e-02 6.745655999999999874e-02
6.285000000000000586e-01 9.766012000000000304e-02 1.638072999999999890e-01
6.295000000000000595e-01 4.712565999999999977e-02 2.011593999999999882e-01
6.304999999999999494e-01 8.884400000000000630e-02 2.008745000000000114e-01
6.314999999999999503e-01 -2.538769000000000164e-01 2.594880999999999993e-01
6.325000000000000622e-01 -8.301218999999999959e-02 1.997806000000000026e-01
6.335000000000000631e-01 -2.756114999999999954e-02 1.418551000000000117e-01
6.345000000000000639e-01 -2.745400000000000063e-01 2.992150000000000087e-01
6.354999999999999538e-01 -6.356931000000000387e-02 2.146543999999999952e-01
6.364999999999999547e-01 7.981383000000000227e-02 2.251039999999999985e-01
6.374999999999999556e-01 -1.665807000000000052e-02 1.846418999999999977e-01
6.385000000000000675e-01 -1.452932999999999863e-01 2.222166999999999892e-01
6.395000000000000684e-01 3.678275999999999768e-02 1.033237999999999934e-01
6.404999999999999583e-01 8.612393000000000132e-02 1.384865999999999875e-01
6.414999999999999591e-01 1.300969999999999904e-01 1.374315000000000120e-01
6.425000000000000711e-01 -1.206933000000000034e-01 2.196043000000000023e-01
6.435000000000000719e-01 1.496090999999999949e-01 1.909910999999999970e-01
6.444999999999999618e-01 2.424615000000000103e-02 1.553985999999999978e-01
6.454999999999999627e-01 5.513016999999999918e-02 5.161334000000000061e-02
6.464999999999999636e-01 -4.233722999999999792e-01 3.076340000000000185e-01
6.474999999999999645e-01 -1.201176000000000049e-01 1.579772999999999872e-01
6.485000000000000764e-01 6.085282000000000191e-02 1.862063999999999941e-01
6.494999999999999662e-01 1.633085999999999982e-01 1.839463000000000070e-01
6.504999999999999671e-01 1.895341000000000109e-01 9.824613999999999570e-02
6.514999999999999680e-01 9.663098000000000173e-03 1.995790000000000064e-01
6.525000000000000799e-01 -2.490572000000000064e-01 2.827858999999999789e-01
6.535000000000000808e-01 2.260398000000000129e-01 1.064992000000000022e-01
6.544999999999999707e-01 -2.370845000000000036e-01 2.039613000000000120e-01
6.554999999999999716e-01 -6.523223999999999689e-02 2.502937000000000078e-01
6.564999999999999725e-01 8.233711000000000502e-02 6.574584999999999457e-02
6.574999999999999734e-01 4.710393999999999692e-02 5.824701999999999658e-02
6.585000000000000853e-01 -4.112121000000000248e-01 3.207396000000000136e-01
6.594999999999999751e-01 -1.002882999999999969e-01 2.027510999999999897e-01
6.604999999999999760e-01 1.663879000000000052e-01 9.248797999999999742e-02
6.614999999999999769e-01 -3.746203000000000172e-01 2.736697000000000157e-01
6.625000000000000888e-01 -1.439496000000000109e-01 2.164588000000000068e-01
6.635000000000000897e-01 2.197651000000000118e-02 1.844968999999999915e-01
6.644999999999999796e-01 2.461765999999999954e-01 1.197891999999999985e-01
6.654999999999999805e-01 1.149112999999999940e-01 7.423670999999999742e-02
6.664999999999999813e-01 1.224733999999999962e-01 1.466917000000000082e-01
6.674999999999999822e-01 -1.522890000000000008e-02 1.840610000000000024e-01
6.685000000000000941e-01 -4.713321000000000351e-03 1.515093999999999885e-01
6.694999999999999840e-01 -3.740539000000000190e-03 1.996477999999999864e-01
6.704999999999999849e-01 1.070693999999999951e-01 1.566034000000000037e-01
6.714999999999999858e-01 -3.537483000000000294e-02 1.597758999999999985e-01
6.725000000000000977e-01 -2.159860999999999864e-01 2.558480000000000198e-01
6.734999999999999876e-01 -7.366196999999999329e-02 1.641932000000000114e-01
6.744999999999999885e-01 3.205784999999999885e-02 1.273408000000000040e-01
6.754999999999999893e-01 -1.168271000000000032e-01 2.097783000000000009e-01
6.764999999999999902e-01 7.100022999999999751e-02 1.653658000000000072e-01
6.774999999999999911e-01 1.262101999999999946e-01 1.995890999999999915e-01
6.784999999999998810e-01 -8.967210000000000458e-02 2.073417999999999928e-01
6.794999999999999929e-01 3.636980000000000074e-02 1.843933000000000100e-01
6.804999999999999938e-01 1.478874000000000022e-01 8.893486999999999920e-02
6.814999999999999947e-01 -3.083819999999999895e-01 2.828427000000000024e-01
6.825000000000001066e-01 4.023560000000000331e-02 1.719023000000000079e-01
6.834999999999999964e-01 4.469874000000000069e-02 1.898771999999999960e-01
6.844999999999999973e-01 2.033889999999999865e-01 1.071127999999999941e-01
6.854999999999999982e-01 -1.149014999999999932e-02 2.161183000000000132e-01
6.864999999999999991e-01 8.399436000000000402e-02 2.025512999999999897e-01
6.875000000000000000e-01 1.464309000000000027e-01 1.723233999999999877e-01
6.884999999999998899e-01 7.673222999999999849e-02 1.712303000000000019e-01
6.895000000000000018e-01 6.053010000000000335e-02 1.004379999999999995e-01
6.905000000000000027e-01 -2.681593000000000171e-02 2.406582999999999917e-01
6.915000000000000036e-01 -9.209164000000000239e-02 2.278023000000000131e-01
6.925000000000001155e-01 4.293978999999999852e-02 4.963647000000000198e-02
6.935000000000000053e-01 -4.327812999999999799e-02 2.182874999999999954e-01
6.945000000000000062e-01 1.565413999999999972e-01 1.745337999999999889e-01
6.955000000000000071e-01 5.411417999999999784e-02 2.222943000000000002e-01
6.965000000000000080e-01 6.126932999999999685e-02 1.860530999999999990e-01
6.975000000000000089e-01 1.692336000000000118e-01 1.244925999999999949e-01
6.984999999999998987e-01 1.413551000000000113e-01 1.072922999999999932e-01
6.995000000000000107e-01 2.352673000000000125e-01 1.556849999999999901e-01
7.005000000000000115e-01 2.233242000000000005e-01 1.316191999999999918e-01
7.015000000000000124e-01 9.353105000000000446e-02 7.310123000000000315e-02
7.025000000000001243e-01 -2.415966999999999976e-01 2.218063999999999869e-01
7.035000000000000142e-01 2.658609000000000111e-01 1.237367000000000050e-01
7.045000000000000151e-01 2.316637000000000002e-01 1.994268999999999903e-01
7.055000000000000160e-01 1.002312999999999954e-01 1.431149999999999922e-01
7.065000000000000169e-01 -2.991074000000000233e-01 2.694737999999999856e-01
7.074999999999999067e-01 2.112459999999999893e-01 1.090319000000000010e-01
7.084999999999999076e-01 -1.586192999999999909e-01 2.430382000000000098e-01
7.095000000000000195e-01 1.771541000000000088e-01 1.827312000000000103e-01
7.105000000000000204e-01 2.864442999999999850e-01 1.290644999999999987e-01
7.115000000000000213e-01 1.238944999999999977e-03 1.179668999999999995e-01
7.124999999999999112e-01 9.299975000000000602e-02 7.168120999999999521e-02
7.135000000000000231e-01 3.827724999999999812e-04 2.079062000000000132e-01
7.145000000000000240e-01 2.323670999999999931e-01 1.167441000000000034e-01
7.155000000000000249e-01 1.628869000000000011e-01 9.730764999999999554e-02
7.165000000000000258e-01 -1.537225000000000119e-01 2.608820000000000028e-01
7.174999999999999156e-01 -6.293693000000000204e-02 2.605828000000000033e-01
7.184999999999999165e-01 1.014733000000000024e-01 7.644786000000000636e-02
7.195000000000000284e-01 -2.589230000000000143e-01 2.249614000000000058e-01
7.205000000000000293e-01 -3.475112000000000340e-02 1.222209999999999963e-01
7.215000000000000302e-01 -5.245357999999999965e-02 1.944126999999999938e-01
7.224999999999999201e-01 2.290786999999999962e-01 1.375454999999999872e-01
7.235000000000000320e-01 2.386106000000000060e-01 1.647840999999999889e-01
7.245000000000000329e-01 1.737356999999999929e-01 1.099364000000000036e-01
7.255000000000000338e-01 3.269079999999999903e-02 4.358150999999999692e-02
7.265000000000000346e-01 -1.483398999999999968e-01 2.296078000000000008e-01
7.274999999999999245e-01 9.385527000000000453e-02 1.698633999999999977e-01
7.284999999999999254e-01 1.777480000000000032e-02 1.685702000000000034e-01
7.295000000000000373e-01 2.120498000000000105e-01 1.113671999999999995e-01
7.305000000000000382e-01 4.972478000000000314e-02 1.840455000000000008e-01
7.315000000000000391e-01 -3.358876000000000223e-02 1.683074999999999988e-01
7.324999999999999289e-01 2.207040000000000113e-01 1.467912000000000106e-01
7.335000000000000409e-01 2.686590999999999840e-01 1.287378000000000133e-01
7.345000000000000417e-01 -5.374431999999999821e-02 2.316185000000000049e-01
7.355000000000000426e-01 1.260370000000000101e-01 2.024141000000000135e-01
7.364999999999999325e-01 -5.860526999999999924e-03 1.848730000000000095e-01
7.374999999999999334e-01 2.082650000000000126e-02 1.302407999999999899e-01
7.384999999999999343e-01 1.857636000000000009e-01 1.080789000000000055e-01
7.395000000000000462e-01 8.464264000000000510e-02 2.418134000000000117e-01
7.405000000000000471e-01 2.223783999999999830e-02 1.690656000000000103e-01
7.414999999999999369e-01 -2.690932999999999797e-01 2.314830999999999972e-01
7.424999999999999378e-01 3.929611000000000215e-02 2.194125000000000103e-01
7.435000000000000497e-01 1.134243000000000057e-02 2.643848999999999852e-02
7.445000000000000506e-01 1.955184000000000089e-01 1.119968999999999965e-01
7.455000000000000515e-01 -3.650902999999999787e-02 1.144798999999999956e-01
7.464999999999999414e-01 -6.518847999999999310e-02 2.122094999999999954e-01
7.474999999999999423e-01 2.334450999999999887e-01 1.453718999999999983e-01
7.484999999999999432e-01 2.389368000000000047e-01 1.292832999999999899e-01
7.495000000000000551e-01 -1.245432999999999957e-02 2.312440000000000051e-01
7.505000000000000560e-01 -8.168371000000000659e-02 1.951207000000000080e-01
7.514999999999999458e-01 -4.349315000000000125e-02 1.459496999999999878e-01
7.524999999999999467e-01 6.961760000000000170e-02 2.165293000000000079e-01
7.535000000000000586e-01 -1.157586000000000032e-01 2.743816000000000033e-01
7.545000000000000595e-01 -1.178957999999999950e-01 1.858720000000000094e-01
7.555000000000000604e-01 5.378975000000000249e-03 2.283545999999999909e-01
7.564999999999999503e-01 -9.996330000000000493e-02 1.763946999999999876e-01
7.574999999999999512e-01 6.822910999999999559e-02 1.792026999999999926e-01
7.584999999999999520e-01 1.872595999999999983e-01 1.705588000000000104e-01
7.595000000000000639e-01 6.358608000000000315e-02 1.885107000000000033e-01
7.605000000000000648e-01 1.213899999999999979e-01 8.995261000000000229e-02
7.614999999999999547e-01 -4.009435000000000082e-01 3.274566999999999894e-01
7.624999999999999556e-01 3.383304999999999785e-01 1.555133999999999961e-01
7.635000000000000675e-01 -2.475878000000000106e-02 2.127074999999999938e-01
7.645000000000000684e-01 1.092202000000000034e-01 2.188335999999999892e-01
7.655000000000000693e-01 -5.626160999999999662e-02 1.493337999999999888e-01
7.664999999999999591e-01 -2.082102999999999871e-01 2.850601999999999858e-01
7.674999999999999600e-01 1.173361000000000022e-02 2.179576000000000013e-01
7.684999999999999609e-01 -3.950502999999999654e-02 2.166915000000000091e-01
7.695000000000000728e-01 1.681710999999999900e-01 1.034718000000000027e-01
7.704999999999999627e-01 -9.408965999999999510e-03 1.554084000000000021e-01
7.714999999999999636e-01 -4.616868000000000083e-01 3.735180000000000167e-01
7.724999999999999645e-01 1.989172999999999913e-01 2.196805000000000008e-01
7.735000000000000764e-01 -4.459326000000000123e-01 3.505147000000000124e-01
7.745000000000000773e-01 -2.819111999999999729e-01 2.817237000000000213e-01
7.754999999999999671e-01 -9.591735999999999318e-02 2.589113000000000109e-01
7.764999999999999680e-01 -1.536353000000000024e-01 3.100777000000000116e-01
7.774999999999999689e-01 3.881541000000000158e-02 1.307125000000000092e-01
7.784999999999999698e-01 1.828646999999999911e-01 1.114751999999999965e-01
7.795000000000000817e-01 2.594530999999999921e-01 1.314236000000000015e-01
7.804999999999999716e-01 3.491769999999999943e-03 2.342036000000000118e-01
7.814999999999999725e-01 -1.524928999999999868e-01 2.205184000000000033e-01
7.824999999999999734e-01 -1.351547999999999916e-01 2.112443999999999988e-01
7.835000000000000853e-01 -2.782031999999999838e-01 2.738684000000000118e-01
7.845000000000000862e-01 1.127041000000000015e-01 8.702361000000000124e-02
7.854999999999999760e-01 -1.971949000000000063e-01 2.944330000000000003e-01
7.864999999999999769e-01 -2.785438000000000081e-01 2.828935000000000199e-01
7.874999999999999778e-01 -4.464582000000000273e-02 1.427000999999999964e-01
7.884999999999999787e-01 1.224274000000000057e-01 9.276352000000000209e-02
7.895000000000000906e-01 -4.009526000000000062e-02 1.383956000000000075e-01
7.904999999999999805e-01 -1.810232999999999981e-01 2.760408999999999780e-01
7.914999999999999813e-01 8.571732999999999436e-02 7.744231999999999505e-02
7.924999999999999822e-01 1.881639999999999979e-01 1.116690000000000044e-01
7.935000000000000941e-01 -1.153478000000000003e-01 2.517527999999999988e-01
7.945000000000000950e-01 -6.690361000000000224e-02 2.045298000000000116e-01
7.954999999999999849e-01 -2.129800000000000096e-02 1.614787000000000028e-01
7.964999999999999858e-01 -1.248250999999999944e-01 2.460950000000000082e-01
7.974999999999999867e-01 9.492019999999999624e-02 8.106671000000000016e-02
7.984999999999999876e-01 5.096919999999999576e-03 1.494957000000000091e-01
7.994999999999998774e-01 3.133070999999999773e-02 2.165805000000000091e-01
8.004999999999999893e-01 -4.881004999999999892e-03 8.299507999999999885e-02
8.014999999999999902e-01 8.828147000000000078e-02 7.897357000000000682e-02
8.024999999999999911e-01 -2.204900999999999944e-01 2.871402000000000121e-01
8.035000000000001030e-01 9.684782999999999586e-02 8.225428999999999380e-02
8.044999999999999929e-01 -4.133850000000000025e-02 1.194589999999999957e-01
8.054999999999999938e-01 1.388050000000000117e-01 1.308545999999999876e-01
8.064999999999999947e-01 -4.342823000000000100e-01 3.452966000000000091e-01
8.074999999999999956e-01 -7.831522000000000483e-02 1.508430000000000049e-01
8.084999999999999964e-01 6.745302999999999716e-02 1.371309000000000000e-01
8.094999999999998863e-01 6.737261999999999418e-02 7.076776999999999374e-02
8.104999999999999982e-01 1.764604999999999924e-01 1.105972000000000066e-01
8.114999999999999991e-01 -2.064341999999999913e-02 1.543447000000000013e-01
8.125000000000000000e-01 2.211306000000000035e-02 3.946749000000000090e-02
8.135000000000001119e-01 -7.904390999999999501e-02 2.338297000000000014e-01
8.145000000000000018e-01 -7.472207000000000154e-02 1.893407000000000007e-01
8.155000000000000027e-01 -2.217126000000000097e-01 2.599348000000000214e-01
8.165000000000000036e-01 -3.320207000000000019e-01 2.937246000000000024e-01
8.175000000000000044e-01 -3.170427000000000106e-01 3.062113000000000196e-01
8.185000000000000053e-01 2.359213000000000005e-01 1.586230999999999891e-01
8.194999999999998952e-01 8.959382999999999930e-02 8.107846999999999971e-02
8.205000000000000071e-01 2.099263999999999991e-02 2.584076000000000151e-01
8.215000000000000080e-01 7.893297999999999981e-02 7.717767999999999851e-02
8.225000000000000089e-01 -7.287473999999999341e-02 1.559192000000000078e-01
8.235000000000001208e-01 2.440482999999999889e-02 1.272958999999999896e-01
8.245000000000000107e-01 1.923332000000000097e-01 1.458010999999999890e-01
8.255000000000000115e-01 4.818110999999999922e-02 6.017763000000000279e-02
8.265000000000000124e-01 1.746058000000000054e-01 1.410898999999999903e-01
8.275000000000000133e-01 7.479275999999999980e-02 7.483357000000000203e-02
8.284999999999999032e-01 -8.475048999999999777e-02 1.961294000000000093e-01
8.294999999999999041e-01 6.264024999999999455e-02 2.200313999999999881e-01
8.305000000000000160e-01 -1.885099000000000150e-02 1.300883999999999929e-01
8.315000000000000169e-01 1.020488999999999979e-01 8.735350999999999533e-02
8.325000000000000178e-01 5.493458999999999842e-02 2.728847999999999829e-01
8.334999999999999076e-01 -3.115576999999999930e-01 3.320723999999999898e-01
8.345000000000000195e-01 -3.300543999999999700e-02 1.509807999999999983e-01
8.355000000000000204e-01 -1.037573999999999962e-02 1.560358000000000023e-01
8.365000000000000213e-01 -9.013383000000000367e-01 4.934264999999999901e-01
8.375000000000000222e-01 2.150594000000000117e-02 1.856875000000000053e-01
8.384999999999999121e-01 1.245118000000000058e-01 2.215699999999999892e-01
8.394999999999999130e-01 -4.408912999999999860e-01 3.251643000000000172e-01
8.405000000000000249e-01 -1.365078000000000125e-01 2.467468999999999912e-01
8.415000000000000258e-01 9.011935999999999905e-03 2.578281000000000045e-01
8.425000000000000266e-01 -6.973817999999999684e-02 2.496897999999999895e-01
8.434999999999999165e-01 -5.254902000000000184e-02 2.229555000000000009e-01
8.445000000000000284e-01 -1.647880999999999929e-01 2.466187999999999991e-01
8.455000000000000293e-01 -4.387269999999999781e-01 3.702326000000000228e-01
8.465000000000000302e-01 1.822746000000000088e-01 1.346547999999999912e-01
8.475000000000000311e-01 1.597506999999999955e-01 1.813612000000000002e-01
8.484999999999999210e-01 -1.944038999999999906e-01 2.419811000000000045e-01
8.494999999999999218e-01 1.690639999999999921e-01 1.204136999999999985e-01
8.505000000000000338e-01 1.882143999999999831e-02 3.966784999999999756e-02
8.515000000000000346e-01 4.783330999999999694e-02 1.763325000000000031e-01
8.525000000000000355e-01 0.000000000000000000e+00 1.000000000000000000e+06
8.534999999999999254e-01 2.662607000000000168e-01 1.500061000000000033e-01
8.545000000000000373e-01 1.575243000000000060e-01 1.053318000000000032e-01
8.555000000000000382e-01 7.086694999999999800e-02 7.282689999999999997e-02
8.565000000000000391e-01 -3.914825000000000110e-01 3.786419999999999786e-01
8.575000000000000400e-01 7.470467999999999553e-02 2.683514000000000177e-01
8.584999999999999298e-01 7.120737000000000594e-02 2.202633999999999981e-01
8.594999999999999307e-01 -9.280344000000000093e-02 1.894331999999999960e-01
8.605000000000000426e-01 2.097265000000000101e-01 1.283632000000000106e-01
8.615000000000000435e-01 -1.407315000000000094e-01 1.846059999999999923e-01
8.624999999999999334e-01 -5.574594999999999967e-01 3.659057000000000004e-01
8.634999999999999343e-01 -7.669650999999999552e-02 3.453191999999999928e-01
8.645000000000000462e-01 -2.911729999999999874e-02 2.736912000000000234e-01
8.655000000000000471e-01 8.985982000000000691e-02 8.727047999999999750e-02
8.665000000000000480e-01 -5.163460000000000272e-02 2.125116999999999978e-01
8.674999999999999378e-01 -1.925618000000000052e-01 2.407549999999999968e-01
8.684999999999999387e-01 1.317656000000000105e-01 1.011630000000000029e-01
8.694999999999999396e-01 -1.199038000000000048e-01 2.711373000000000255e-01
8.705000000000000515e-01 2.762635999999999981e-01 1.972244999999999970e-01
8.715000000000000524e-01 -8.706793000000000171e-02 2.169854999999999978e-01
8.724999999999999423e-01 2.121115000000000153e-02 7.327155000000000473e-02
8.734999999999999432e-01 2.212467999999999935e-01 1.366692999999999936e-01
8.745000000000000551e-01 -3.779871000000000203e-01 3.151049000000000211e-01
8.755000000000000560e-01 7.328859999999999542e-02 7.835495000000000654e-02
8.765000000000000568e-01 -2.293646000000000018e-01 2.433255000000000001e-01
8.774999999999999467e-01 -4.335851000000000011e-01 3.442893000000000203e-01
8.784999999999999476e-01 2.178997000000000017e-01 1.417237000000000080e-01
8.794999999999999485e-01 8.207454000000000138e-02 8.140529000000000515e-02
8.805000000000000604e-01 -1.605783000000000071e-01 2.047376999999999947e-01
8.815000000000000613e-01 -1.993261000000000061e-01 2.723568000000000100e-01
8.824999999999999512e-01 2.277025000000000021e-01 1.372813999999999979e-01
8.834999999999999520e-01 -3.471253999999999729e-01 3.441054000000000057e-01
8.845000000000000639e-01 -1.588815000000000088e-01 2.631156000000000050e-01
8.855000000000000648e-01 -4.976706000000000185e-02 1.754412999999999945e-01
8.865000000000000657e-01 -2.733463999999999894e-01 2.959212999999999982e-01
8.874999999999999556e-01 -4.301402000000000003e-02 3.204370999999999747e-01
8.884999999999999565e-01 8.508596999999999688e-02 8.508599999999999497e-02
8.894999999999999574e-01 -1.870872000000000090e-01 3.105481999999999965e-01
8.905000000000000693e-01 9.391702999999999857e-02 1.851016000000000050e-01
8.914999999999999591e-01 1.860307999999999962e-01 1.248244000000000020e-01
8.924999999999999600e-01 1.038011999999999962e-01 9.483690999999999649e-02
8.934999999999999609e-01 -1.671093999999999913e-01 2.895370999999999917e-01
8.945000000000000728e-01 5.982230999999999660e-02 7.186227000000000587e-02
8.955000000000000737e-01 3.162884999999999724e-01 1.690878000000000103e-01
8.964999999999999636e-01 -1.350825999999999971e-01 3.159291000000000182e-01
8.974999999999999645e-01 -1.068647000000000069e-01 2.773998999999999771e-01
8.984999999999999654e-01 1.935746999999999884e-01 1.329276000000000069e-01
8.994999999999999662e-01 1.646351000000000064e-01 1.213478999999999947e-01
9.005000000000000782e-01 -9.128031000000000339e-02 2.652175999999999978e-01
9.014999999999999680e-01 1.109393000000000046e-01 9.987598999999999783e-02
9.024999999999999689e-01 2.591714999999999991e-01 1.687682000000000071e-01
9.034999999999999698e-01 -1.848825000000000052e-01 2.290349999999999886e-01
9.045000000000000817e-01 8.112545000000000173e-02 2.301950000000000107e-01
9.055000000000000826e-01 1.841442000000000079e-01 1.267069000000000112e-01
9.064999999999999725e-01 1.515955999999999970e-01 1.168103000000000058e-01
9.074999999999999734e-01 5.069255999999999762e-01 2.162914999999999976e-01
9.084999999999999742e-01 -1.241000000000000020e-01 2.369188999999999878e-01
9.094999999999999751e-01 -8.592038000000000453e-02 2.903542000000000067e-01
9.105000000000000870e-01 1.488951000000000024e-01 1.120267999999999958e-01
9.114999999999999769e-01 -5.885316999999999910e-01 4.372622999999999927e-01
9.124999999999999778e-01 -1.320192000000000032e-01 3.305986000000000202e-01
9.134999999999999787e-01 -5.344818999999999959e-02 2.952747000000000011e-01
9.145000000000000906e-01 2.566705000000000028e-02 4.895419000000000159e-02
9.155000000000000915e-01 2.979982999999999937e-02 1.935314999999999952e-01
9.164999999999999813e-01 -1.423677999999999888e-01 2.399448999999999887e-01
9.174999999999999822e-01 2.267009000000000107e-01 1.452340000000000020e-01
9.184999999999999831e-01 -1.020845999999999976e-01 2.185205000000000064e-01
9.194999999999999840e-01 -2.054420999999999886e-01 2.413729000000000013e-01
9.205000000000000959e-01 2.330634000000000039e-01 1.450288000000000133e-01
9.214999999999999858e-01 1.812152999999999958e-01 2.640249000000000068e-01
9.224999999999999867e-01 -2.341459999999999930e-01 2.838847999999999927e-01
9.234999999999999876e-01 9.096869999999999956e-02 9.381915999999999867e-02
9.245000000000000995e-01 5.007032999999999623e-01 2.079844000000000137e-01
9.254999999999999893e-01 3.323515999999999970e-02 5.647411000000000098e-02
9.264999999999999902e-01 2.342963000000000129e-01 1.514283999999999908e-01
9.274999999999999911e-01 5.461280999999999775e-02 6.946104999999999641e-02
9.284999999999999920e-01 2.686965000000000048e-01 1.622487999999999986e-01
9.294999999999999929e-01 -2.840034000000000169e-01 3.364850999999999814e-01
9.304999999999998828e-01 -2.711205999999999894e-01 3.721445999999999921e-01
9.314999999999999947e-01 -4.696852999999999723e-01 3.615044000000000035e-01
9.324999999999999956e-01 1.319423999999999875e-01 1.113453999999999972e-01
9.334999999999999964e-01 1.599495999999999973e-01 1.287577000000000027e-01
9.345000000000001084e-01 1.285833999999999866e-01 1.104255999999999988e-01
9.354999999999999982e-01 -4.258445999999999759e-02 1.610562000000000105e-01
9.364999999999999991e-01 1.398283999999999916e-01 1.142809000000000047e-01
9.375000000000000000e-01 1.217961999999999934e-01 1.074274000000000062e-01
9.385000000000000009e-01 0.000000000000000000e+00 1.000000000000000000e+06
9.395000000000000018e-01 -2.454358000000000095e-01 3.686308999999999836e-01
9.404999999999998916e-01 6.422750000000000681e-02 7.800825000000000120e-02
9.415000000000000036e-01 -1.582407999999999870e-01 2.912172000000000094e-01
9.425000000000000044e-01 6.516199000000000296e-02 8.222271000000000440e-02
9.435000000000000053e-01 -6.360080999999999374e-02 2.257770000000000055e-01
9.445000000000001172e-01 -2.417077000000000114e-02 1.866787000000000030e-01
9.455000000000000071e-01 1.672343000000000024e-01 1.273535000000000084e-01
9.465000000000000080e-01 3.495504999999999862e-01 1.767189999999999872e-01
9.475000000000000089e-01 -8.242302000000000239e-01 5.450816000000000550e-01
9.485000000000000098e-01 0.000000000000000000e+00 1.000000000000000000e+06
9.495000000000000107e-01 -4.632966000000000167e-02 2.962436999999999987e-01
9.504999999999999005e-01 -3.417455999999999827e-01 3.823170000000000179e-01
9.515000000000000124e-01 -2.634001000000000259e-01 3.383839000000000152e-01
9.525000000000000133e-01 -2.791242999999999919e-01 3.878401000000000209e-01
9.535000000000000142e-01 6.963212000000000568e-02 8.269498999999999600e-02
9.544999999999999041e-01 2.770575000000000121e-01 1.674168000000000045e-01
9.555000000000000160e-01 -1.758879000000000137e-01 3.534123000000000125e-01
9.565000000000000169e-01 -2.789236999999999966e-01 2.789237999999999995e-01
9.575000000000000178e-01 6.655856000000000272e-02 8.149771999999999572e-02
9.585000000000000187e-01 1.184700000000000059e-01 1.086691999999999936e-01
9.594999999999999085e-01 1.172596999999999945e-01 2.427652999999999894e-01
9.604999999999999094e-01 3.093775999999999748e-01 1.729122999999999910e-01
9.615000000000000213e-01 -2.686664999999999748e-01 3.001999000000000195e-01
9.625000000000000222e-01 -1.179811999999999944e-01 2.728863999999999734e-01
9.635000000000000231e-01 1.196445000000000008e-01 1.070268000000000053e-01
9.644999999999999130e-01 1.020511999999999947e-01 1.020965000000000067e-01
9.655000000000000249e-01 1.747299999999999964e-01 1.516085000000000071e-01
9.665000000000000258e-01 -1.647367999999999888e-01 2.482368000000000074e-01
9.675000000000000266e-01 2.303679999999999790e-03 1.528182999999999972e-02
9.685000000000000275e-01 1.325899000000000105e-01 1.187911999999999996e-01
9.694999999999999174e-01 9.578470000000000040e-02 9.872707999999999484e-02
9.704999999999999183e-01 2.137997999999999982e-02 7.156189999999999773e-02
9.715000000000000302e-01 5.416125000000000106e-02 2.273139000000000132e-01
9.725000000000000311e-01 2.310934000000000044e-01 1.540495000000000059e-01
9.735000000000000320e-01 1.678888000000000047e-01 1.291781999999999930e-01
9.744999999999999218e-01 -3.727753999999999790e-01 3.404772999999999827e-01
9.755000000000000338e-01 -1.651979000000000086e-01 3.720143000000000200e-01
9.765000000000000346e-01 1.058136999999999966e-01 1.046537000000000023e-01
9.775000000000000355e-01 -1.735173000000000132e-01 4.138136000000000037e-01
9.785000000000000364e-01 2.110431999999999864e-01 1.458920999999999968e-01
9.794999999999999263e-01 6.416070999999999580e-02 8.304686999999999486e-02
9.804999999999999272e-01 1.970123000000000111e-04 9.210232000000000141e-02
9.815000000000000391e-01 -1.185485000000000011e-01 2.765541000000000249e-01
9.825000000000000400e-01 1.983283999999999880e-01 1.457488000000000117e-01
9.835000000000000409e-01 -1.500024000000000080e-01 2.666747999999999896e-01
9.844999999999999307e-01 -3.545429999999999970e-01 3.643318999999999863e-01
9.855000000000000426e-01 -9.324607999999999508e-02 3.636641999999999930e-01
9.865000000000000435e-01 3.312158000000000047e-01 1.843361000000000027e-01
9.875000000000000444e-01 9.320767000000000635e-02 9.947023000000000670e-02
9.884999999999999343e-01 1.832671999999999912e-01 1.375628999999999880e-01
9.894999999999999352e-01 1.498966999999999938e-01 1.287534999999999930e-01
9.904999999999999361e-01 1.342007999999999916e-02 3.850408000000000303e-02
9.915000000000000480e-01 -2.358743999999999858e-03 3.531502000000000252e-02
9.925000000000000488e-01 3.620033000000000278e-02 6.273610000000000297e-02
9.934999999999999387e-01 2.830029000000000017e-01 1.718091999999999953e-01
9.944999999999999396e-01 1.049950999999999940e-01 1.069514000000000020e-01
9.955000000000000515e-01 6.192587000000000091e-02 1.188620999999999983e-01
9.965000000000000524e-01 1.080760000000000054e-01 1.204787999999999970e-01
9.975000000000000533e-01 -3.610490000000000227e-02 2.600966000000000111e-01
9.984999999999999432e-01 0.000000000000000000e+00 1.000000000000000000e+06
9.994999999999999440e-01 3.869849000000000205e-01 2.041536999999999935e-01
