fitX0 dataMean dataStd fitMeasValMean fitMeasValStd
  1.550000E+07   1.035391E+04   1.002754E+03   1.163973E+04   3.617804E+00
  1.650000E+07   1.026407E+04   6.969573E+02   1.127912E+04   3.405324E+00
  1.750000E+07   1.070911E+04   5.191064E+02   1.090669E+04   3.189953E+00
  1.850000E+07   1.040502E+04   3.982160E+02   1.052409E+04   2.973141E+00
  1.950000E+07   1.033978E+04   3.165277E+02   1.013298E+04   2.756312E+00
  2.050000E+07   9.749997E+03   2.558048E+02   9.735035E+03   2.540853E+00
  2.150000E+07   9.617258E+03   2.121815E+02   9.331908E+03   2.328101E+00
  2.250000E+07   9.173353E+03   1.825750E+02   8.925245E+03   2.119332E+00
  2.350000E+07   8.670547E+03   1.593284E+02   8.516661E+03   1.915753E+00
  2.450000E+07   8.038316E+03   1.362147E+02   8.107740E+03   1.718495E+00
  2.550000E+07   7.819378E+03   1.238917E+02   7.700017E+03   1.528611E+00
  2.650000E+07   7.398437E+03   1.111704E+02   7.294973E+03   1.347069E+00
  2.750000E+07   6.899918E+03   9.882704E+01   6.894029E+03   1.174760E+00
  2.850000E+07   6.583752E+03   9.151102E+01   6.498535E+03   1.012506E+00
  2.950000E+07   6.144696E+03   8.186990E+01   6.109764E+03   8.610812E-01
  3.050000E+07   5.729758E+03   7.451702E+01   5.728910E+03   7.212502E-01
  3.150000E+07   5.301788E+03   6.831473E+01   5.357076E+03   5.938412E-01
  3.250000E+07   4.937142E+03   6.210156E+01   4.995275E+03   4.798804E-01
  3.350000E+07   4.586847E+03   5.844200E+01   4.644425E+03   3.808380E-01
  3.450000E+07   4.331365E+03   5.428180E+01   4.305346E+03   2.990412E-01
  3.550000E+07   3.913928E+03   4.881825E+01   3.978758E+03   2.381006E-01
  3.650000E+07   3.652109E+03   4.574977E+01   3.665280E+03   2.021951E-01
  3.750000E+07   3.440487E+03   4.283675E+01   3.365431E+03   1.920755E-01
  3.850000E+07   3.120967E+03   3.948238E+01   3.079628E+03   2.011793E-01
  3.950000E+07   2.820090E+03   3.607275E+01   2.808191E+03   2.195630E-01
  4.050000E+07   2.543738E+03   3.363601E+01   2.551341E+03   2.397234E-01
  4.150000E+07   2.308955E+03   3.048034E+01   2.309207E+03   2.575592E-01
  4.250000E+07   2.041861E+03   2.779892E+01   2.081825E+03   2.711698E-01
  4.350000E+07   1.832085E+03   2.642962E+01   1.869145E+03   2.798397E-01
  4.450000E+07   1.652430E+03   2.464615E+01   1.671036E+03   2.834812E-01
  4.550000E+07   1.490782E+03   2.299393E+01   1.487287E+03   2.823500E-01
  4.650000E+07   1.314605E+03   2.081030E+01   1.317617E+03   2.768991E-01
  4.750000E+07   1.141114E+03   1.924552E+01   1.161679E+03   2.676981E-01
  4.850000E+07   1.025030E+03   1.747541E+01   1.019065E+03   2.553888E-01
  4.950000E+07   8.716419E+02   1.653012E+01   8.893131E+02   2.406580E-01
  5.050000E+07   7.593440E+02   1.508829E+01   7.719143E+02   2.242230E-01
  5.150000E+07   6.654036E+02   1.436095E+01   6.663184E+02   2.068236E-01
  5.250000E+07   5.754478E+02   1.309729E+01   5.719407E+02   1.892186E-01
  5.350000E+07   4.866074E+02   1.247783E+01   4.881684E+02   1.721821E-01
  5.450000E+07   4.103111E+02   1.129676E+01   4.143671E+02   1.564912E-01
  5.550000E+07   3.481409E+02   1.018130E+01   3.498869E+02   1.428923E-01
  5.650000E+07   3.005847E+02   9.672002E+00   2.940686E+02   1.320272E-01
  5.750000E+07   2.342223E+02   8.845747E+00   2.462491E+02   1.243149E-01
  5.850000E+07   2.156279E+02   8.375759E+00   2.057674E+02   1.198248E-01
  5.950000E+07   1.771265E+02   7.927675E+00   1.719694E+02   1.182232E-01
  6.050000E+07   1.606241E+02   7.288966E+00   1.442128E+02   1.188523E-01
  6.150000E+07   1.296095E+02   7.050558E+00   1.218712E+02   1.209058E-01
  6.250000E+07   1.080041E+02   6.858997E+00   1.043388E+02   1.236025E-01
  6.350000E+07   9.146889E+01   6.519803E+00   9.103324E+01   1.262908E-01
  6.450000E+07   7.719848E+01   6.153159E+00   8.139900E+01   1.284828E-01
  6.550000E+07   7.436637E+01   6.075380E+00   7.491010E+01   1.298469E-01
  6.650000E+07   7.088051E+01   5.566215E+00   7.107223E+01   1.301837E-01
  6.750000E+07   7.112080E+01   5.682731E+00   6.942453E+01   1.293997E-01
  6.850000E+07   7.190145E+01   5.404256E+00   6.954089E+01   1.274847E-01
  6.950000E+07   6.679974E+01   5.561937E+00   7.103088E+01   1.244929E-01
  7.050000E+07   7.791743E+01   5.344238E+00   7.354019E+01   1.205280E-01
  7.150000E+07   7.334413E+01   5.442225E+00   7.675073E+01   1.157313E-01
  7.250000E+07   7.318528E+01   5.317390E+00   8.038032E+01   1.102725E-01
  7.350000E+07   7.329356E+01   5.020369E+00   8.418211E+01   1.043406E-01
  7.450000E+07   9.144320E+01   4.968608E+00   8.794355E+01   9.813718E-02
  7.550000E+07   9.153814E+01   5.088786E+00   9.148526E+01   9.186876E-02
  7.650000E+07   9.737020E+01   4.835830E+00   9.465942E+01   8.573882E-02
  7.750000E+07   9.538162E+01   4.959601E+00   9.734818E+01   7.993832E-02
  7.850000E+07   1.041487E+02   4.970324E+00   9.946167E+01   7.463401E-02
  7.950000E+07   9.547848E+01   4.936449E+00   1.009360E+02   6.995486E-02
  8.050000E+07   1.037952E+02   4.777382E+00   1.017311E+02   6.597806E-02
  8.150000E+07   1.019034E+02   4.761072E+00   1.018284E+02   6.271828E-02
  8.250000E+07   1.039005E+02   4.615325E+00   1.012286E+02   6.012473E-02
  8.350000E+07   1.000178E+02   4.710191E+00   9.994922E+01   5.808908E-02
  8.450000E+07   9.886183E+01   4.497797E+00   9.802242E+01   5.646330E-02
  8.550000E+07   9.907476E+01   4.285164E+00   9.549260E+01   5.508255E-02
  8.650000E+07   8.970220E+01   4.190334E+00   9.241416E+01   5.378685E-02
  8.750000E+07   8.430255E+01   4.055292E+00   8.884939E+01   5.243717E-02
  8.850000E+07   8.194390E+01   4.181381E+00   8.486638E+01   5.092477E-02
  8.950000E+07   8.235901E+01   3.939797E+00   8.053712E+01   4.917470E-02
  9.050000E+07   8.019069E+01   3.820263E+00   7.593563E+01   4.714542E-02
  9.150000E+07   6.757936E+01   3.709894E+00   7.113639E+01   4.482645E-02
  9.250000E+07   6.826148E+01   3.820961E+00   6.621278E+01   4.223512E-02
  9.350000E+07   6.227811E+01   3.328519E+00   6.123580E+01   3.941359E-02
  9.450000E+07   6.059853E+01   3.366346E+00   5.627286E+01   3.642646E-02
  9.550000E+07   4.698199E+01   3.263006E+00   5.138684E+01   3.335925E-02
  9.650000E+07   5.130135E+01   3.047234E+00   4.663523E+01   3.031785E-02
  9.750000E+07   4.630553E+01   2.991537E+00   4.206951E+01   2.742814E-02
  9.850000E+07   3.488359E+01   2.657706E+00   3.773466E+01   2.483371E-02
  9.950000E+07   3.668724E+01   2.779263E+00   3.366881E+01   2.268690E-02
  1.005000E+08   2.598368E+01   2.791885E+00   2.990310E+01   2.112606E-02
  1.015000E+08   2.547408E+01   2.494220E+00   2.646161E+01   2.023711E-02
  1.025000E+08   2.533180E+01   2.277874E+00   2.336146E+01   2.001491E-02
  1.035000E+08   2.047123E+01   2.461476E+00   2.061302E+01   2.035532E-02
  1.045000E+08   2.373197E+01   2.245388E+00   1.822021E+01   2.108939E-02
  1.055000E+08   1.678951E+01   2.167088E+00   1.618092E+01   2.203418E-02
  1.065000E+08   1.484981E+01   2.020584E+00   1.448744E+01   2.302892E-02
  1.075000E+08   1.058743E+01   2.007043E+00   1.312705E+01   2.394905E-02
  1.085000E+08   1.274008E+01   1.927174E+00   1.208255E+01   2.470609E-02
  1.095000E+08   1.123520E+01   1.842590E+00   1.133294E+01   2.524224E-02
  1.105000E+08   9.959308E+00   1.731787E+00   1.085401E+01   2.552434E-02
  1.115000E+08   1.160576E+01   1.671658E+00   1.061901E+01   2.553878E-02
  1.125000E+08   1.050074E+01   1.803071E+00   1.059930E+01   2.528755E-02
  1.135000E+08   1.231249E+01   1.656765E+00   1.076499E+01   2.478527E-02
  1.145000E+08   1.167824E+01   1.699545E+00   1.108552E+01   2.405694E-02
  1.155000E+08   1.308898E+01   1.609651E+00   1.153029E+01   2.313613E-02
  1.165000E+08   1.214058E+01   1.482632E+00   1.206913E+01   2.206363E-02
  1.175000E+08   1.081029E+01   1.594719E+00   1.267287E+01   2.088621E-02
  1.185000E+08   1.142969E+01   1.549625E+00   1.331372E+01   1.965545E-02
  1.195000E+08   1.365427E+01   1.483591E+00   1.396568E+01   1.842641E-02
  1.205000E+08   1.331236E+01   1.409361E+00   1.460488E+01   1.725565E-02
  1.215000E+08   1.499770E+01   1.481843E+00   1.520981E+01   1.619817E-02
  1.225000E+08   1.318987E+01   1.604830E+00   1.576157E+01   1.530284E-02
  1.235000E+08   1.458661E+01   1.543642E+00   1.624399E+01   1.460629E-02
  1.245000E+08   1.578462E+01   1.312829E+00   1.664373E+01   1.412665E-02
  1.255000E+08   1.815332E+01   1.410681E+00   1.695031E+01   1.385957E-02
  1.265000E+08   1.787567E+01   1.475725E+00   1.715608E+01   1.377899E-02
  1.275000E+08   1.735281E+01   1.299635E+00   1.725616E+01   1.384286E-02
  1.285000E+08   1.751359E+01   1.425100E+00   1.724835E+01   1.400164E-02
  1.295000E+08   1.723997E+01   1.346779E+00   1.713293E+01   1.420631E-02
  1.305000E+08   1.637233E+01   1.267230E+00   1.691249E+01   1.441382E-02
  1.315000E+08   1.650346E+01   1.292843E+00   1.659172E+01   1.458986E-02
  1.325000E+08   1.669434E+01   1.302193E+00   1.617719E+01   1.470951E-02
  1.335000E+08   1.709202E+01   1.253815E+00   1.567705E+01   1.475676E-02
  1.345000E+08   1.520436E+01   1.161094E+00   1.510077E+01   1.472342E-02
  1.355000E+08   1.410376E+01   1.195572E+00   1.445889E+01   1.460794E-02
  1.365000E+08   1.447582E+01   1.087276E+00   1.376273E+01   1.441424E-02
  1.375000E+08   1.408464E+01   1.048606E+00   1.302410E+01   1.415065E-02
  1.385000E+08   1.208666E+01   1.116360E+00   1.225506E+01   1.382885E-02
  1.395000E+08   1.029967E+01   1.031714E+00   1.146766E+01   1.346302E-02
  1.405000E+08   1.101605E+01   9.835499E-01   1.067371E+01   1.306897E-02
  1.415000E+08   1.021725E+01   9.022368E-01   9.884544E+00   1.266330E-02
  1.425000E+08   9.556416E+00   9.043324E-01   9.110857E+00   1.226251E-02
  1.435000E+08   9.030828E+00   8.901700E-01   8.362517E+00   1.188223E-02
  1.445000E+08   7.807611E+00   8.675165E-01   7.648430E+00   1.153623E-02
  1.455000E+08   5.819216E+00   7.669396E-01   6.976423E+00   1.123569E-02
  1.465000E+08   6.886385E+00   8.617372E-01   6.353156E+00   1.098845E-02
  1.475000E+08   5.517441E+00   7.306944E-01   5.784062E+00   1.079857E-02
  1.485000E+08   4.512133E+00   7.155508E-01   5.273312E+00   1.066618E-02
  1.495000E+08   4.302054E+00   7.126361E-01   4.823808E+00   1.058779E-02
  1.505000E+08   4.152810E+00   7.374425E-01   4.437200E+00   1.055688E-02
  1.515000E+08   3.260528E+00   7.040817E-01   4.113924E+00   1.056468E-02
  1.525000E+08   4.185649E+00   6.553678E-01   3.853262E+00   1.060108E-02
  1.535000E+08   3.754038E+00   5.894573E-01   3.653422E+00   1.065545E-02
  1.545000E+08   3.757242E+00   6.187485E-01   3.511627E+00   1.071726E-02
  1.555000E+08   3.587414E+00   5.898939E-01   3.424229E+00   1.077655E-02
  1.565000E+08   3.686245E+00   5.627518E-01   3.386820E+00   1.082422E-02
  1.575000E+08   2.782349E+00   6.377645E-01   3.394363E+00   1.085219E-02
  1.585000E+08   3.999337E+00   5.428189E-01   3.441316E+00   1.085346E-02
  1.595000E+08   3.820672E+00   5.414907E-01   3.521768E+00   1.082218E-02
  1.605000E+08   2.967504E+00   5.977661E-01   3.629574E+00   1.075363E-02
  1.615000E+08   3.299973E+00   5.760662E-01   3.758475E+00   1.064429E-02
  1.625000E+08   3.259180E+00   6.262442E-01   3.902231E+00   1.049185E-02
  1.635000E+08   4.805773E+00   6.089490E-01   4.054733E+00   1.029535E-02
  1.645000E+08   2.632495E+00   6.706932E-01   4.210112E+00   1.005517E-02
  1.655000E+08   4.290983E+00   6.214720E-01   4.362840E+00   9.773254E-03
  1.665000E+08   4.743269E+00   6.087860E-01   4.507809E+00   9.453135E-03
  1.675000E+08   4.784728E+00   6.363889E-01   4.640411E+00   9.100129E-03
  1.685000E+08   6.034729E+00   5.862827E-01   4.756594E+00   8.721435E-03
  1.695000E+08   5.625549E+00   6.062429E-01   4.852912E+00   8.326241E-03
  1.705000E+08   5.164690E+00   6.124514E-01   4.926551E+00   7.925770E-03
  1.715000E+08   3.899366E+00   6.520869E-01   4.975355E+00   7.533196E-03
  1.725000E+08   4.645597E+00   6.352865E-01   4.997826E+00   7.163334E-03
  1.735000E+08   5.110549E+00   5.779258E-01   4.993118E+00   6.831943E-03
  1.745000E+08   5.008023E+00   7.007438E-01   4.961018E+00   6.554498E-03
  1.755000E+08   4.076020E+00   6.612365E-01   4.901913E+00   6.344379E-03
  1.765000E+08   5.537663E+00   6.447531E-01   4.816755E+00   6.210712E-03
  1.775000E+08   4.887977E+00   5.975048E-01   4.707005E+00   6.156447E-03
  1.785000E+08   5.688616E+00   6.006253E-01   4.574580E+00   6.177439E-03
  1.795000E+08   5.624463E+00   6.097694E-01   4.421794E+00   6.262997E-03
  1.805000E+08   4.244372E+00   6.144984E-01   4.251284E+00   6.397689E-03
  1.815000E+08   3.915753E+00   5.425963E-01   4.065950E+00   6.563704E-03
  1.825000E+08   4.432774E+00   6.271292E-01   3.868877E+00   6.742993E-03
  1.835000E+08   3.319896E+00   6.437024E-01   3.663266E+00   6.918803E-03
  1.845000E+08   4.538146E+00   5.644492E-01   3.452368E+00   7.076557E-03
  1.855000E+08   3.594167E+00   5.943341E-01   3.239415E+00   7.204236E-03
  1.865000E+08   2.151225E+00   6.060465E-01   3.027553E+00   7.292450E-03
  1.875000E+08   3.197049E+00   4.861553E-01   2.819793E+00   7.334354E-03
  1.885000E+08   3.023651E+00   5.363613E-01   2.618947E+00   7.325486E-03
  1.895000E+08   2.513352E+00   5.340771E-01   2.427591E+00   7.263590E-03
  1.905000E+08   1.919218E+00   4.458910E-01   2.248021E+00   7.148445E-03
  1.915000E+08   1.601058E+00   5.193229E-01   2.082220E+00   6.981696E-03
  1.925000E+08   2.234725E+00   4.749268E-01   1.931837E+00   6.766714E-03
  1.935000E+08   2.461061E+00   4.444932E-01   1.798166E+00   6.508469E-03
  1.945000E+08   1.161472E+00   5.335170E-01   1.682138E+00   6.213427E-03
  1.955000E+08   1.733039E+00   4.609842E-01   1.584322E+00   5.889477E-03
  1.965000E+08   1.174145E+00   4.540950E-01   1.504927E+00   5.545877E-03
  1.975000E+08   2.233103E+00   3.715725E-01   1.443812E+00   5.193226E-03
  1.985000E+08   1.198714E+00   4.717345E-01   1.400511E+00   4.843418E-03
  1.995000E+08   1.017123E+00   4.073865E-01   1.374250E+00   4.509522E-03
  2.005000E+08   1.030098E+00   4.117525E-01   1.363978E+00   4.205438E-03
  2.015000E+08   1.729229E+00   3.570169E-01   1.368399E+00   3.945133E-03
  2.025000E+08   1.369571E+00   3.503292E-01   1.386010E+00   3.741251E-03
  2.035000E+08   1.597138E+00   3.534046E-01   1.415134E+00   3.603096E-03
  2.045000E+08   2.002853E+00   4.126644E-01   1.453967E+00   3.534523E-03
  2.055000E+08   1.676737E+00   4.094270E-01   1.500609E+00   3.532742E-03
  2.065000E+08   1.774044E+00   4.057844E-01   1.553115E+00   3.588854E-03
  2.075000E+08   1.280851E+00   4.134152E-01   1.609526E+00   3.689964E-03
  2.085000E+08   2.088141E+00   4.430618E-01   1.667910E+00   3.821801E-03
  2.095000E+08   2.342703E+00   4.012067E-01   1.726400E+00   3.970819E-03
  2.105000E+08   1.200294E+00   4.148237E-01   1.783223E+00   4.125370E-03
  2.115000E+08   2.409407E+00   3.773505E-01   1.836733E+00   4.276084E-03
  2.125000E+08   2.161563E+00   3.884189E-01   1.885435E+00   4.415791E-03
  2.135000E+08   1.592627E+00   4.418006E-01   1.928008E+00   4.539220E-03
  2.145000E+08   1.334586E+00   4.374374E-01   1.963320E+00   4.642661E-03
  2.155000E+08   2.299675E+00   3.477540E-01   1.990447E+00   4.723641E-03
  2.165000E+08   2.574486E+00   4.560874E-01   2.008674E+00   4.780652E-03
  2.175000E+08   2.633774E+00   3.481381E-01   2.017506E+00   4.812941E-03
  2.185000E+08   1.804221E+00   4.008136E-01   2.016662E+00   4.820344E-03
  2.195000E+08   1.920037E+00   4.567980E-01   2.006077E+00   4.803182E-03
  2.205000E+08   2.159555E+00   3.818394E-01   1.985888E+00   4.762188E-03
  2.215000E+08   2.602200E+00   4.507135E-01   1.956423E+00   4.698489E-03
  2.225000E+08   1.989177E+00   3.847723E-01   1.918191E+00   4.613606E-03
  2.235000E+08   1.790472E+00   4.366643E-01   1.871857E+00   4.509495E-03
  2.245000E+08   1.413434E+00   4.425923E-01   1.818228E+00   4.388605E-03
  2.255000E+08   2.326331E+00   4.244821E-01   1.758227E+00   4.253952E-03
  2.265000E+08   1.452631E+00   4.191193E-01   1.692871E+00   4.109193E-03
  2.275000E+08   1.294368E+00   3.884509E-01   1.623247E+00   3.958697E-03
  2.285000E+08   1.439765E+00   3.517280E-01   1.550488E+00   3.807567E-03
  2.295000E+08   1.910469E+00   3.823925E-01   1.475748E+00   3.661597E-03
  2.305000E+08   1.436719E+00   4.412437E-01   1.400179E+00   3.527104E-03
  2.315000E+08   1.101930E+00   3.625830E-01   1.324908E+00   3.410585E-03
  2.325000E+08   1.123019E+00   4.086904E-01   1.251014E+00   3.318170E-03
  2.335000E+08   1.591439E+00   3.045928E-01   1.179512E+00   3.254882E-03
  2.345000E+08   9.682309E-01   3.638636E-01   1.111335E+00   3.223862E-03
  2.355000E+08   1.758253E+00   3.445441E-01   1.047315E+00   3.225744E-03
  2.365000E+08   5.895361E-01   3.436046E-01   9.881769E-01   3.258437E-03
  2.375000E+08   1.427380E+00   3.159254E-01   9.345237E-01   3.317387E-03
  2.385000E+08   8.342814E-01   2.738471E-01   8.868320E-01   3.396236E-03
  2.395000E+08   3.193292E-01   4.163745E-01   8.454465E-01   3.487650E-03
  2.405000E+08   2.795668E-02   3.828190E-01   8.105796E-01   3.584102E-03
  2.415000E+08   5.812839E-01   3.632596E-01   7.823116E-01   3.678479E-03
  2.425000E+08   6.493294E-01   3.098849E-01   7.605951E-01   3.764501E-03
  2.435000E+08   6.601593E-01   2.929555E-01   7.452605E-01   3.836974E-03
  2.445000E+08   9.537207E-01   3.253165E-01   7.360243E-01   3.891934E-03
  2.455000E+08   6.618654E-01   3.068358E-01   7.324998E-01   3.926727E-03
  2.465000E+08   6.695277E-01   3.255444E-01   7.342076E-01   3.940061E-03
  2.475000E+08   3.428916E-01   3.145810E-01   7.405900E-01   3.932027E-03
  2.485000E+08   6.408102E-01   3.617304E-01   7.510241E-01   3.904119E-03
  2.495000E+08   8.850974E-01   2.339732E-01   7.648369E-01   3.859225E-03
  2.505000E+08   5.176245E-01   2.732342E-01   7.813208E-01   3.801590E-03
  2.515000E+08   9.508205E-01   2.435328E-01   7.997484E-01   3.736707E-03
  2.525000E+08   7.350887E-01   3.098100E-01   8.193881E-01   3.671105E-03
  2.535000E+08   1.123797E+00   3.097028E-01   8.395181E-01   3.611977E-03
  2.545000E+08   1.168835E+00   2.810276E-01   8.594408E-01   3.566620E-03
  2.555000E+08   9.881940E-01   2.941416E-01   8.784952E-01   3.541677E-03
  2.565000E+08   3.811060E-01   3.703956E-01   8.960688E-01   3.542278E-03
  2.575000E+08   1.265822E+00   3.694364E-01   9.116077E-01   3.571268E-03
  2.585000E+08   1.237946E+00   2.554192E-01   9.246252E-01   3.628721E-03
  2.595000E+08   1.006146E+00   3.210573E-01   9.347089E-01   3.711910E-03
  2.605000E+08   1.074872E+00   2.714790E-01   9.415262E-01   3.815718E-03
  2.615000E+08   6.557640E-01   3.460970E-01   9.448276E-01   3.933339E-03
  2.625000E+08   6.027606E-01   4.013932E-01   9.444483E-01   4.057058E-03
  2.635000E+08   8.920833E-01   3.089404E-01   9.403089E-01   4.178938E-03
  2.645000E+08   8.434333E-01   2.766505E-01   9.324131E-01   4.291357E-03
  2.655000E+08   1.073165E+00   3.083779E-01   9.208447E-01   4.387365E-03
  2.665000E+08   2.032328E-01   3.163901E-01   9.057631E-01   4.460912E-03
  2.675000E+08   8.525251E-01   3.175515E-01   8.873971E-01   4.506980E-03
  2.685000E+08   3.046575E-01   2.794500E-01   8.660380E-01   4.521658E-03
  2.695000E+08   8.346597E-01   2.960468E-01   8.420312E-01   4.502182E-03
  2.705000E+08   3.807862E-01   2.974797E-01   8.157675E-01   4.446958E-03
  2.715000E+08   8.482130E-01   2.623040E-01   7.876736E-01   4.355594E-03
  2.725000E+08   6.795396E-01   3.014038E-01   7.582023E-01   4.228923E-03
  2.735000E+08   4.560420E-01   2.599157E-01   7.278226E-01   4.069060E-03
  2.745000E+08   7.295912E-01   2.734086E-01   6.970097E-01   3.879485E-03
  2.755000E+08   4.925461E-01   2.775780E-01   6.662349E-01   3.665181E-03
  2.765000E+08   2.940909E-01   3.421484E-01   6.359571E-01   3.432839E-03
  2.775000E+08   3.740521E-01   3.199331E-01   6.066132E-01   3.191157E-03
  2.785000E+08   8.110305E-01   2.558455E-01   5.786108E-01   2.951205E-03
  2.795000E+08   1.170651E+00   2.610338E-01   5.523206E-01   2.726746E-03
  2.805000E+08   5.705940E-01   2.337527E-01   5.280702E-01   2.534145E-03
  2.815000E+08   2.521131E-01   3.387486E-01   5.061395E-01   2.391142E-03
  2.825000E+08   3.307355E-01   2.696183E-01   4.867560E-01   2.313673E-03
  2.835000E+08   3.034735E-01   2.166740E-01   4.700926E-01   2.311056E-03
  2.845000E+08   4.911088E-01   3.088187E-01   4.562652E-01   2.382178E-03
  2.855000E+08   1.561378E-01   3.212937E-01   4.453330E-01   2.515859E-03
  2.865000E+08   2.190556E-01   2.640400E-01   4.372985E-01   2.695096E-03
  2.875000E+08   2.643439E-01   2.256511E-01   4.321093E-01   2.901842E-03
  2.885000E+08   1.849670E-01   3.065693E-01   4.296611E-01   3.119924E-03
  2.895000E+08   1.912331E-01   2.694625E-01   4.298013E-01   3.336026E-03
  2.905000E+08   4.006792E-01   2.551952E-01   4.323330E-01   3.539635E-03
  2.915000E+08   5.601651E-01   2.527836E-01   4.370209E-01   3.722632E-03
  2.925000E+08   5.826614E-01   2.706933E-01   4.435965E-01   3.878880E-03
  2.935000E+08   5.426397E-01   2.574479E-01   4.517645E-01   4.003880E-03
  2.945000E+08   4.092349E-01   2.787696E-01   4.612094E-01   4.094536E-03
  2.955000E+08   6.251341E-01   2.333128E-01   4.716023E-01   4.148993E-03
  2.965000E+08   6.201728E-01   2.423254E-01   4.826072E-01   4.166527E-03
  2.975000E+08   1.623622E-01   2.658394E-01   4.938884E-01   4.147491E-03
  2.985000E+08   4.707367E-01   2.715737E-01   5.051163E-01   4.093284E-03