     0.00145    6.831816e+03    2.096592e+03
     0.00155    1.035391e+04    1.002754e+03
     0.00165    1.026407e+04    6.969573e+02
     0.00175    1.070911e+04    5.191064e+02
     0.00185    1.040502e+04    3.982160e+02
     0.00195    1.033978e+04    3.165277e+02
     0.00205    9.749997e+03    2.558048e+02
     0.00215    9.617258e+03    2.121815e+02
     0.00225    9.173353e+03    1.825750e+02
     0.00235    8.670547e+03    1.593284e+02
     0.00245    8.038316e+03    1.362147e+02
     0.00255    7.819378e+03    1.238917e+02
     0.00265    7.398437e+03    1.111704e+02
     0.00275    6.899918e+03    9.882704e+01
     0.00285    6.583752e+03    9.151102e+01
     0.00295    6.144696e+03    8.186990e+01
     0.00305    5.729758e+03    7.451702e+01
     0.00315    5.301788e+03    6.831473e+01
     0.00325    4.937142e+03    6.210156e+01
     0.00335    4.586847e+03    5.844200e+01
     0.00345    4.331365e+03    5.428180e+01
     0.00355    3.913928e+03    4.881825e+01
     0.00365    3.652109e+03    4.574977e+01
     0.00375    3.440487e+03    4.283675e+01
     0.00385    3.120967e+03    3.948238e+01
     0.00395    2.820090e+03    3.607275e+01
     0.00405    2.543738e+03    3.363601e+01
     0.00415    2.308955e+03    3.048034e+01
     0.00425    2.041861e+03    2.779892e+01
     0.00435    1.832085e+03    2.642962e+01
     0.00445    1.652430e+03    2.464615e+01
     0.00455    1.490782e+03    2.299393e+01
     0.00465    1.314605e+03    2.081030e+01
     0.00475    1.141114e+03    1.924552e+01
     0.00485    1.025030e+03    1.747541e+01
     0.00495    8.716419e+02    1.653012e+01
     0.00505    7.593440e+02    1.508829e+01
     0.00515    6.654036e+02    1.436095e+01
     0.00525    5.754478e+02    1.309729e+01
     0.00535    4.866074e+02    1.247783e+01
     0.00545    4.103111e+02    1.129676e+01
     0.00555    3.481409e+02    1.018130e+01
     0.00565    3.005847e+02    9.672002e+00
     0.00575    2.342223e+02    8.845747e+00
     0.00585    2.156279e+02    8.375759e+00
     0.00595    1.771265e+02    7.927675e+00
     0.00605    1.606241e+02    7.288966e+00
     0.00615    1.296095e+02    7.050558e+00
     0.00625    1.080041e+02    6.858997e+00
     0.00635    9.146889e+01    6.519803e+00
     0.00645    7.719848e+01    6.153159e+00
     0.00655    7.436637e+01    6.075380e+00
     0.00665    7.088051e+01    5.566215e+00
     0.00675    7.112080e+01    5.682731e+00
     0.00685    7.190145e+01    5.404256e+00
     0.00695    6.679974e+01    5.561937e+00
     0.00705    7.791743e+01    5.344238e+00
     0.00715    7.334413e+01    5.442225e+00
     0.00725    7.318528e+01    5.317390e+00
     0.00735    7.329356e+01    5.020369e+00
     0.00745    9.144320e+01    4.968608e+00
     0.00755    9.153814e+01    5.088786e+00
     0.00765    9.737020e+01    4.835830e+00
     0.00775    9.538162e+01    4.959601e+00
     0.00785    1.041487e+02    4.970324e+00
     0.00795    9.547848e+01    4.936449e+00
     0.00805    1.037952e+02    4.777382e+00
     0.00815    1.019034e+02    4.761072e+00
     0.00825    1.039005e+02    4.615325e+00
     0.00835    1.000178e+02    4.710191e+00
     0.00845    9.886183e+01    4.497797e+00
     0.00855    9.907476e+01    4.285164e+00
     0.00865    8.970220e+01    4.190334e+00
     0.00875    8.430255e+01    4.055292e+00
     0.00885    8.194390e+01    4.181381e+00
     0.00895    8.235901e+01    3.939797e+00
     0.00905    8.019069e+01    3.820263e+00
     0.00915    6.757936e+01    3.709894e+00
     0.00925    6.826148e+01    3.820961e+00
     0.00935    6.227811e+01    3.328519e+00
     0.00945    6.059853e+01    3.366346e+00
     0.00955    4.698199e+01    3.263006e+00
     0.00965    5.130135e+01    3.047234e+00
     0.00975    4.630553e+01    2.991537e+00
     0.00985    3.488359e+01    2.657706e+00
     0.00995    3.668724e+01    2.779263e+00
     0.01005    2.598368e+01    2.791885e+00
     0.01015    2.547408e+01    2.494220e+00
     0.01025    2.533180e+01    2.277874e+00
     0.01035    2.047123e+01    2.461476e+00
     0.01045    2.373197e+01    2.245388e+00
     0.01055    1.678951e+01    2.167088e+00
     0.01065    1.484981e+01    2.020584e+00
     0.01075    1.058743e+01    2.007043e+00
     0.01085    1.274008e+01    1.927174e+00
     0.01095    1.123520e+01    1.842590e+00
     0.01105    9.959308e+00    1.731787e+00
     0.01115    1.160576e+01    1.671658e+00
     0.01125    1.050074e+01    1.803071e+00
     0.01135    1.231249e+01    1.656765e+00
     0.01145    1.167824e+01    1.699545e+00
     0.01155    1.308898e+01    1.609651e+00
     0.01165    1.214058e+01    1.482632e+00
     0.01175    1.081029e+01    1.594719e+00
     0.01185    1.142969e+01    1.549625e+00
     0.01195    1.365427e+01    1.483591e+00
     0.01205    1.331236e+01    1.409361e+00
     0.01215    1.499770e+01    1.481843e+00
     0.01225    1.318987e+01    1.604830e+00
     0.01235    1.458661e+01    1.543642e+00
     0.01245    1.578462e+01    1.312829e+00
     0.01255    1.815332e+01    1.410681e+00
     0.01265    1.787567e+01    1.475725e+00
     0.01275    1.735281e+01    1.299635e+00
     0.01285    1.751359e+01    1.425100e+00
     0.01295    1.723997e+01    1.346779e+00
     0.01305    1.637233e+01    1.267230e+00
     0.01315    1.650346e+01    1.292843e+00
     0.01325    1.669434e+01    1.302193e+00
     0.01335    1.709202e+01    1.253815e+00
     0.01345    1.520436e+01    1.161094e+00
     0.01355    1.410376e+01    1.195572e+00
     0.01365    1.447582e+01    1.087276e+00
     0.01375    1.408464e+01    1.048606e+00
     0.01385    1.208666e+01    1.116360e+00
     0.01395    1.029967e+01    1.031714e+00
     0.01405    1.101605e+01    9.835499e-01
     0.01415    1.021725e+01    9.022368e-01
     0.01425    9.556416e+00    9.043324e-01
     0.01435    9.030828e+00    8.901700e-01
     0.01445    7.807611e+00    8.675165e-01
     0.01455    5.819216e+00    7.669396e-01
     0.01465    6.886385e+00    8.617372e-01
     0.01475    5.517441e+00    7.306944e-01
     0.01485    4.512133e+00    7.155508e-01
     0.01495    4.302054e+00    7.126361e-01
     0.01505    4.152810e+00    7.374425e-01
     0.01515    3.260528e+00    7.040817e-01
     0.01525    4.185649e+00    6.553678e-01
     0.01535    3.754038e+00    5.894573e-01
     0.01545    3.757242e+00    6.187485e-01
     0.01555    3.587414e+00    5.898939e-01
     0.01565    3.686245e+00    5.627518e-01
     0.01575    2.782349e+00    6.377645e-01
     0.01585    3.999337e+00    5.428189e-01
     0.01595    3.820672e+00    5.414907e-01
     0.01605    2.967504e+00    5.977661e-01
     0.01615    3.299973e+00    5.760662e-01
     0.01625    3.259180e+00    6.262442e-01
     0.01635    4.805773e+00    6.089490e-01
     0.01645    2.632495e+00    6.706932e-01
     0.01655    4.290983e+00    6.214720e-01
     0.01665    4.743269e+00    6.087860e-01
     0.01675    4.784728e+00    6.363889e-01
     0.01685    6.034729e+00    5.862827e-01
     0.01695    5.625549e+00    6.062429e-01
     0.01705    5.164690e+00    6.124514e-01
     0.01715    3.899366e+00    6.520869e-01
     0.01725    4.645597e+00    6.352865e-01
     0.01735    5.110549e+00    5.779258e-01
     0.01745    5.008023e+00    7.007438e-01
     0.01755    4.076020e+00    6.612365e-01
     0.01765    5.537663e+00    6.447531e-01
     0.01775    4.887977e+00    5.975048e-01
     0.01785    5.688616e+00    6.006253e-01
     0.01795    5.624463e+00    6.097694e-01
     0.01805    4.244372e+00    6.144984e-01
     0.01815    3.915753e+00    5.425963e-01
     0.01825    4.432774e+00    6.271292e-01
     0.01835    3.319896e+00    6.437024e-01
     0.01845    4.538146e+00    5.644492e-01
     0.01855    3.594167e+00    5.943341e-01
     0.01865    2.151225e+00    6.060465e-01
     0.01875    3.197049e+00    4.861553e-01
     0.01885    3.023651e+00    5.363613e-01
     0.01895    2.513352e+00    5.340771e-01
     0.01905    1.919218e+00    4.458910e-01
     0.01915    1.601058e+00    5.193229e-01
     0.01925    2.234725e+00    4.749268e-01
     0.01935    2.461061e+00    4.444932e-01
     0.01945    1.161472e+00    5.335170e-01
     0.01955    1.733039e+00    4.609842e-01
     0.01965    1.174145e+00    4.540950e-01
     0.01975    2.233103e+00    3.715725e-01
     0.01985    1.198714e+00    4.717345e-01
     0.01995    1.017123e+00    4.073865e-01
     0.02005    1.030098e+00    4.117525e-01
     0.02015    1.729229e+00    3.570169e-01
     0.02025    1.369571e+00    3.503292e-01
     0.02035    1.597138e+00    3.534046e-01
     0.02045    2.002853e+00    4.126644e-01
     0.02055    1.676737e+00    4.094270e-01
     0.02065    1.774044e+00    4.057844e-01
     0.02075    1.280851e+00    4.134152e-01
     0.02085    2.088141e+00    4.430618e-01
     0.02095    2.342703e+00    4.012067e-01
     0.02105    1.200294e+00    4.148237e-01
     0.02115    2.409407e+00    3.773505e-01
     0.02125    2.161563e+00    3.884189e-01
     0.02135    1.592627e+00    4.418006e-01
     0.02145    1.334586e+00    4.374374e-01
     0.02155    2.299675e+00    3.477540e-01
     0.02165    2.574486e+00    4.560874e-01
     0.02175    2.633774e+00    3.481381e-01
     0.02185    1.804221e+00    4.008136e-01
     0.02195    1.920037e+00    4.567980e-01
     0.02205    2.159555e+00    3.818394e-01
     0.02215    2.602200e+00    4.507135e-01
     0.02225    1.989177e+00    3.847723e-01
     0.02235    1.790472e+00    4.366643e-01
     0.02245    1.413434e+00    4.425923e-01
     0.02255    2.326331e+00    4.244821e-01
     0.02265    1.452631e+00    4.191193e-01
     0.02275    1.294368e+00    3.884509e-01
     0.02285    1.439765e+00    3.517280e-01
     0.02295    1.910469e+00    3.823925e-01
     0.02305    1.436719e+00    4.412437e-01
     0.02315    1.101930e+00    3.625830e-01
     0.02325    1.123019e+00    4.086904e-01
     0.02335    1.591439e+00    3.045928e-01
     0.02345    9.682309e-01    3.638636e-01
     0.02355    1.758253e+00    3.445441e-01
     0.02365    5.895361e-01    3.436046e-01
     0.02375    1.427380e+00    3.159254e-01
     0.02385    8.342814e-01    2.738471e-01
     0.02395    3.193292e-01    4.163745e-01
     0.02405    2.795668e-02    3.828190e-01
     0.02415    5.812839e-01    3.632596e-01
     0.02425    6.493294e-01    3.098849e-01
     0.02435    6.601593e-01    2.929555e-01
     0.02445    9.537207e-01    3.253165e-01
     0.02455    6.618654e-01    3.068358e-01
     0.02465    6.695277e-01    3.255444e-01
     0.02475    3.428916e-01    3.145810e-01
     0.02485    6.408102e-01    3.617304e-01
     0.02495    8.850974e-01    2.339732e-01
     0.02505    5.176245e-01    2.732342e-01
     0.02515    9.508205e-01    2.435328e-01
     0.02525    7.350887e-01    3.098100e-01
     0.02535    1.123797e+00    3.097028e-01
     0.02545    1.168835e+00    2.810276e-01
     0.02555    9.881940e-01    2.941416e-01
     0.02565    3.811060e-01    3.703956e-01
     0.02575    1.265822e+00    3.694364e-01
     0.02585    1.237946e+00    2.554192e-01
     0.02595    1.006146e+00    3.210573e-01
     0.02605    1.074872e+00    2.714790e-01
     0.02615    6.557640e-01    3.460970e-01
     0.02625    6.027606e-01    4.013932e-01
     0.02635    8.920833e-01    3.089404e-01
     0.02645    8.434333e-01    2.766505e-01
     0.02655    1.073165e+00    3.083779e-01
     0.02665    2.032328e-01    3.163901e-01
     0.02675    8.525251e-01    3.175515e-01
     0.02685    3.046575e-01    2.794500e-01
     0.02695    8.346597e-01    2.960468e-01
     0.02705    3.807862e-01    2.974797e-01
     0.02715    8.482130e-01    2.623040e-01
     0.02725    6.795396e-01    3.014038e-01
     0.02735    4.560420e-01    2.599157e-01
     0.02745    7.295912e-01    2.734086e-01
     0.02755    4.925461e-01    2.775780e-01
     0.02765    2.940909e-01    3.421484e-01
     0.02775    3.740521e-01    3.199331e-01
     0.02785    8.110305e-01    2.558455e-01
     0.02795    1.170651e+00    2.610338e-01
     0.02805    5.705940e-01    2.337527e-01
     0.02815    2.521131e-01    3.387486e-01
     0.02825    3.307355e-01    2.696183e-01
     0.02835    3.034735e-01    2.166740e-01
     0.02845    4.911088e-01    3.088187e-01
     0.02855    1.561378e-01    3.212937e-01
     0.02865    2.190556e-01    2.640400e-01
     0.02875    2.643439e-01    2.256511e-01
     0.02885    1.849670e-01    3.065693e-01
     0.02895    1.912331e-01    2.694625e-01
     0.02905    4.006792e-01    2.551952e-01
     0.02915    5.601651e-01    2.527836e-01
     0.02925    5.826614e-01    2.706933e-01
     0.02935    5.426397e-01    2.574479e-01
     0.02945    4.092349e-01    2.787696e-01
     0.02955    6.251341e-01    2.333128e-01
     0.02965    6.201728e-01    2.423254e-01
     0.02975    1.623622e-01    2.658394e-01
     0.02985    4.707367e-01    2.715737e-01
     0.02995    2.063939e-01    2.648650e-01
     0.03005    3.075031e-01    2.424553e-01
     0.03015    2.300515e-01    2.962878e-01
     0.03025    4.681453e-01    2.748632e-01
     0.03035    1.547371e-01    2.827571e-01
     0.03045    4.165712e-01    3.054593e-01
     0.03055    9.962326e-01    2.091647e-01
     0.03065    1.107425e+00    2.029668e-01
     0.03075    6.280532e-01    2.482804e-01
     0.03085    2.723758e-01    2.872456e-01
     0.03095    8.526113e-01    2.500174e-01
     0.03105    5.763652e-01    2.357624e-01
     0.03115    1.379814e-01    2.678518e-01
     0.03125    6.769607e-01    1.966781e-01
     0.03135    1.093503e-01    2.681477e-01
     0.03145    6.633119e-01    2.472726e-01
     0.03155    2.994294e-01    2.580704e-01
     0.03165    2.473701e-01    2.877842e-01
     0.03175    4.386961e-01    2.262980e-01
     0.03185    2.849178e-01    2.462405e-01
     0.03195    3.622637e-01    2.295205e-01
     0.03205    2.536156e-01    2.558629e-01
     0.03215    4.649924e-01    2.203810e-01
     0.03225    2.702873e-01    2.590378e-01
     0.03235    1.986084e-01    1.972165e-01
     0.03245   -2.844629e-02    3.055137e-01
     0.03255    4.663681e-01    2.050951e-01
     0.03265   -2.004360e-02    2.857884e-01
     0.03275    2.415542e-01    2.167837e-01
     0.03285   -2.786685e-01    3.102122e-01
     0.03295   -7.201507e-02    2.840649e-01
     0.03305   -1.681582e-01    3.169936e-01
     0.03315    3.004772e-01    2.402422e-01
     0.03325    1.800594e-02    2.749498e-01
     0.03335    2.477550e-01    1.919499e-01
     0.03345   -1.117254e-01    2.874483e-01
     0.03355    1.099723e-01    2.595716e-01
     0.03365   -2.252481e-01    2.635597e-01
     0.03375    5.797175e-02    2.533280e-01
     0.03385    4.228422e-01    1.861406e-01
     0.03395    1.612322e-01    2.495653e-01
     0.03405    1.180645e-02    2.459329e-01
     0.03415    3.545516e-01    2.180081e-01
     0.03425    2.397075e-01    2.141446e-01
     0.03435    2.665112e-01    2.205862e-01
     0.03445    4.016349e-01    1.908505e-01
     0.03455    3.279622e-01    2.058089e-01
     0.03465    1.584884e-01    2.186612e-01
     0.03475    9.469060e-03    2.419208e-01
     0.03485    4.413097e-01    1.531101e-01
     0.03495    3.423690e-01    2.456601e-01
     0.03505    3.931484e-01    2.328727e-01
     0.03515    2.630404e-02    2.283858e-01
     0.03525    3.078070e-01    1.630357e-01
     0.03535    6.339542e-01    1.975452e-01
     0.03545    4.867905e-01    1.781905e-01
     0.03555    7.676966e-02    2.510178e-01
     0.03565    2.646184e-01    2.114939e-01
     0.03575    1.483399e-01    2.120479e-01
     0.03585    4.867806e-01    1.715748e-01
     0.03595    4.142995e-01    1.564295e-01
     0.03605    3.770153e-01    1.832519e-01
     0.03615    3.006881e-01    2.360787e-01
     0.03625    3.800015e-01    1.743830e-01
     0.03635    3.629631e-01    1.323493e-01
     0.03645    3.698391e-01    2.242964e-01
     0.03655    2.944763e-01    2.526241e-01
     0.03665    2.416133e-01    1.580041e-01
     0.03675    3.461642e-01    1.552706e-01
     0.03685    3.142636e-01    2.381835e-01
     0.03695    2.102691e-01    1.597320e-01
     0.03705   -7.777574e-02    2.387008e-01
     0.03715    2.616226e-01    2.790057e-01
     0.03725   -1.817362e-01    2.504104e-01
     0.03735    2.418949e-01    1.679758e-01
     0.03745    5.289241e-01    2.112883e-01
     0.03755    5.016504e-01    1.726447e-01
     0.03765    2.469467e-01    1.970644e-01
     0.03775    4.458563e-01    1.456296e-01
     0.03785    3.131791e-02    1.828259e-01
     0.03795    1.816449e-02    2.038946e-01
     0.03805    1.673070e-01    1.872668e-01
     0.03815    8.181783e-02    2.673158e-01
     0.03825    1.129487e-01    1.730286e-01
     0.03835    4.438499e-01    1.723732e-01
     0.03845    2.167221e-01    1.323335e-01
     0.03855   -3.755675e-01    3.030347e-01
     0.03865    8.958131e-02    1.901999e-01
     0.03875    4.742440e-01    1.601286e-01
     0.03885    7.686495e-02    2.079530e-01
     0.03895    9.193926e-04    2.179693e-01
     0.03905    3.608512e-01    2.494354e-01
     0.03915    3.597876e-03    2.546596e-01
     0.03925    1.433309e-01    1.747000e-01
     0.03935   -3.767781e-02    2.409373e-01
     0.03945    2.923805e-01    1.410930e-01
     0.03955    2.354720e-01    1.746937e-01
     0.03965    6.137393e-02    2.570931e-01
     0.03975    2.521500e-01    1.808988e-01
     0.03985    2.782441e-01    2.225066e-01
     0.03995    2.014670e-01    1.403191e-01
     0.04005   -6.954056e-03    1.985983e-01
     0.04015    3.531971e-01    2.072756e-01
     0.04025    7.231220e-02    2.473875e-01
     0.04035    2.945816e-01    1.530155e-01
     0.04045    6.517803e-02    1.763672e-01
     0.04055   -4.997388e-02    2.329743e-01
     0.04065    1.753009e-01    1.615566e-01
     0.04075   -6.056462e-02    2.475754e-01
     0.04085    1.323623e-02    1.879901e-01
     0.04095    1.784576e-01    1.846753e-01
     0.04105    8.087798e-02    1.986861e-01
     0.04115    3.504661e-01    1.877434e-01
     0.04125    2.165846e-01    2.205004e-01
     0.04135    2.027727e-01    1.730415e-01
     0.04145    3.160750e-01    1.516720e-01
     0.04155    1.227619e-01    1.413795e-01
     0.04165   -1.042154e-01    2.418056e-01
     0.04175   -1.985552e-02    1.778152e-01
     0.04185    3.566418e-03    1.728501e-01
     0.04195    1.781082e-01    1.787795e-01
     0.04205    5.423481e-02    1.781373e-01
     0.04215   -5.114177e-03    1.921242e-01
     0.04225    1.700245e-01    1.894008e-01
     0.04235    8.212965e-02    1.622796e-01
     0.04245    3.296867e-01    1.198526e-01
     0.04255   -2.608104e-01    2.559838e-01
     0.04265    3.763607e-02    2.501421e-01
     0.04275   -3.091949e-01    2.250733e-01
     0.04285    3.836834e-01    1.208978e-01
     0.04295    7.870195e-02    1.874152e-01
     0.04305    1.485233e-01    1.451787e-01
     0.04315    3.331894e-01    1.129823e-01
     0.04325    7.963601e-02    2.167408e-01
     0.04335    1.885819e-01    1.720540e-01
     0.04345   -4.739476e-01    3.016546e-01
     0.04355    1.623290e-01    1.140127e-01
     0.04365   -1.873832e-02    1.951151e-01
     0.04375   -2.004571e-01    2.346530e-01
     0.04385    3.205763e-01    1.691238e-01
     0.04395    2.239596e-01    1.147873e-01
     0.04405   -4.141438e-02    2.189780e-01
     0.04415    2.599601e-01    2.098060e-01
     0.04425   -1.547756e-01    2.700813e-01
     0.04435    2.543904e-01    1.242505e-01
     0.04445    7.701253e-02    1.753168e-01
     0.04455    6.430525e-02    1.508946e-01
     0.04465    1.399702e-01    1.864909e-01
     0.04475    3.143642e-01    1.542812e-01
     0.04485    2.128177e-01    2.100376e-01
     0.04495    1.753267e-02    1.701842e-01
     0.04505    2.882752e-02    1.532864e-01
     0.04515   -3.943264e-01    2.975623e-01
     0.04525   -2.534309e-02    2.154858e-01
     0.04535   -1.320431e-01    2.374181e-01
     0.04545    1.422869e-01    1.524106e-01
     0.04555    3.592917e-02    1.825672e-01
     0.04565    1.213366e-01    1.287747e-01
     0.04575    3.238453e-01    1.330854e-01
     0.04585    2.532837e-01    2.252974e-01
     0.04595    1.257696e-01    1.467327e-01
     0.04605    5.573454e-02    1.486795e-01
     0.04615   -1.595075e-01    1.952900e-01
     0.04625    2.672715e-01    1.872947e-01
     0.04635   -4.641298e-02    2.264164e-01
     0.04645   -1.252390e-01    2.419635e-01
     0.04655    1.178377e-01    1.380387e-01
     0.04665    1.605682e-01    1.604730e-01
     0.04675    1.794035e-01    2.000729e-01
     0.04685    1.828803e-01    1.579302e-01
     0.04695    1.500328e-01    1.570053e-01
     0.04705   -2.886739e-01    2.830321e-01
     0.04715    1.685778e-01    1.946852e-01
     0.04725   -6.532194e-02    2.008038e-01
     0.04735    1.928170e-01    1.779730e-01
     0.04745    2.009833e-02    1.497877e-01
     0.04755   -1.690494e-01    2.194288e-01
     0.04765    1.196061e-01    1.967151e-01
     0.04775    1.697897e-01    1.755539e-01
     0.04785    3.100186e-02    1.963525e-01
     0.04795    2.806223e-01    1.733920e-01
     0.04805    3.259069e-01    1.228245e-01
     0.04815   -6.281487e-02    2.595508e-01
     0.04825   -4.685162e-02    2.092810e-01
     0.04835   -1.869155e-01    2.214607e-01
     0.04845   -6.745288e-02    1.898212e-01
     0.04855   -6.687241e-03    1.871491e-01
     0.04865    3.733809e-03    1.560348e-01
     0.04875    1.045825e-01    1.831177e-01
     0.04885    1.853806e-01    1.737149e-01
     0.04895    1.198656e-01    1.540952e-01
     0.04905    1.054910e-01    1.975739e-01
     0.04915    6.625261e-02    2.022390e-01
     0.04925   -5.633920e-02    1.953286e-01
     0.04935    1.630376e-01    1.203700e-01
     0.04945    1.812237e-01    1.142851e-01
     0.04955   -5.792383e-02    2.098845e-01
     0.04965    2.916745e-01    1.849127e-01
     0.04975    9.624035e-02    1.463515e-01
     0.04985   -1.581215e-01    2.386872e-01
     0.04995   -1.157898e-01    2.487217e-01
     0.05005    1.178033e-01    6.623350e-02
     0.05015   -8.524866e-02    2.005668e-01
     0.05025   -4.435397e-01    3.199431e-01
     0.05035   -8.444082e-02    2.273911e-01
     0.05045   -8.948399e-02    2.358342e-01
     0.05055   -1.770223e-01    2.753798e-01
     0.05065    1.024953e-01    1.100569e-01
     0.05075    5.530302e-02    1.592138e-01
     0.05085    3.321975e-01    1.360385e-01
     0.05095   -5.618106e-02    1.414077e-01
     0.05105   -7.888657e-02    1.464682e-01
     0.05115    8.510332e-02    1.688591e-01
     0.05125    6.722279e-02    1.747105e-01
     0.05135    1.140363e-01    2.293198e-01
     0.05145    9.308274e-02    1.323306e-01
     0.05155   -8.438434e-02    2.245390e-01
     0.05165    1.520600e-01    7.869217e-02
     0.05175    2.991317e-01    1.277905e-01
     0.05185    6.329320e-02    1.612013e-01
     0.05195   -2.179616e-01    2.453739e-01
     0.05205   -2.446713e-01    2.118823e-01
     0.05215    1.560960e-01    2.176483e-01
     0.05225    2.283789e-01    1.393338e-01
     0.05235   -2.022300e-02    2.464943e-01
     0.05245   -4.673194e-02    2.326502e-01
     0.05255   -1.711936e-01    2.162030e-01
     0.05265   -9.702972e-02    2.309188e-01
     0.05275    6.613101e-02    1.552684e-01
     0.05285    1.567488e-01    1.292101e-01
     0.05295   -4.905724e-02    1.382669e-01
     0.05305    1.623800e-01    1.549554e-01
     0.05315    1.708356e-01    1.645049e-01
     0.05325    3.708387e-02    1.661681e-01
     0.05335    2.731825e-03    1.217263e-01
     0.05345    9.629212e-02    2.428847e-01
     0.05355   -1.543810e-01    2.632889e-01
     0.05365    3.127116e-01    1.754767e-01
     0.05375   -1.663904e-01    1.659523e-01
     0.05385    1.967961e-01    1.667095e-01
     0.05395    1.338567e-01    1.187453e-01
     0.05405    5.071575e-02    1.756890e-01
     0.05415    4.941874e-02    1.290373e-01
     0.05425   -1.625593e-02    1.697591e-01
     0.05435    2.174815e-02    1.442441e-01
     0.05445    9.397003e-02    6.317367e-02
     0.05455   -3.871546e-02    1.423001e-01
     0.05465   -9.721947e-02    2.104173e-01
     0.05475    2.424024e-01    1.019511e-01
     0.05485   -3.608465e-02    1.868923e-01
     0.05495   -5.502934e-02    2.349806e-01
     0.05505    1.893251e-01    1.497193e-01
     0.05515   -4.645299e-02    2.058809e-01
     0.05525   -1.072347e-01    1.788530e-01
     0.05535    9.111504e-02    1.335636e-01
     0.05545    1.868635e-01    8.979581e-02
     0.05555    3.092097e-01    1.161209e-01
     0.05565   -9.449869e-02    2.053630e-01
     0.05575   -1.782881e-01    1.900896e-01
     0.05585    6.005508e-02    1.567999e-01
     0.05595    1.673647e-02    2.013806e-01
     0.05605    2.334266e-01    1.277066e-01
     0.05615   -1.928969e-01    2.055667e-01
     0.05625    2.664298e-01    1.075402e-01
     0.05635    9.380440e-02    6.991867e-02
     0.05645    9.025293e-05    1.489873e-01
     0.05655    2.992915e-01    1.158979e-01
     0.05665    5.387497e-02    1.608342e-01
     0.05675    2.464436e-01    1.436686e-01
     0.05685    2.185722e-01    9.788253e-02
     0.05695    1.080768e-01    2.059638e-01
     0.05705    2.901051e-01    1.128436e-01
     0.05715    2.158801e-01    1.439724e-01
     0.05725   -8.974609e-02    1.711135e-01
     0.05735   -2.449328e-01    2.390872e-01
     0.05745    1.139122e-01    2.102116e-01
     0.05755    6.022573e-02    9.424507e-02
     0.05765    7.035140e-02    1.767156e-01
     0.05775    1.239501e-01    1.689897e-01
     0.05785   -5.302303e-02    2.413559e-01
     0.05795    2.122171e-01    1.163712e-01
     0.05805    2.443587e-01    1.308201e-01
     0.05815    1.068182e-01    6.959585e-02
     0.05825    6.774351e-02    1.484260e-01
     0.05835    1.408973e-01    1.188388e-01
     0.05845    2.352726e-01    1.007322e-01
     0.05855   -9.494767e-02    2.125910e-01
     0.05865   -9.056495e-02    1.716067e-01
     0.05875    9.693277e-02    1.352331e-01
     0.05885    4.199436e-02    1.323614e-01
     0.05895    1.324509e-02    1.766144e-01
     0.05905   -5.988450e-02    1.452794e-01
     0.05915   -5.512399e-02    2.164723e-01
     0.05925    1.060963e-01    1.724905e-01
     0.05935    6.590710e-02    1.568013e-01
     0.05945   -1.946277e-01    2.634253e-01
     0.05955   -1.086905e-01    2.238369e-01
     0.05965    5.252191e-02    1.428514e-01
     0.05975    1.282979e-01    1.630231e-01
     0.05985   -1.729025e-01    2.450469e-01
     0.05995    1.562928e-01    8.666254e-02
     0.06005    1.692112e-01    1.016788e-01
     0.06015   -3.049414e-02    1.804748e-01
     0.06025    2.674083e-01    1.153464e-01
     0.06035    4.747981e-02    1.399596e-01
     0.06045   -5.264703e-02    1.650734e-01
     0.06055    5.721003e-02    1.301269e-01
     0.06065   -2.836548e-01    2.530857e-01
     0.06075    3.159037e-01    1.186236e-01
     0.06085   -1.745804e-01    2.498043e-01
     0.06095   -1.320274e-01    1.963459e-01
     0.06105    1.271749e-01    7.723073e-02
     0.06115    1.263739e-01    7.829643e-02
     0.06125    6.307903e-02    1.284738e-01
     0.06135    1.154999e-01    1.732342e-01
     0.06145   -5.992597e-02    1.570171e-01
     0.06155   -1.600976e-01    1.781672e-01
     0.06165   -2.477108e-01    2.150019e-01
     0.06175    8.783028e-02    1.521142e-01
     0.06185    4.483880e-02    1.803188e-01
     0.06195    2.622713e-02    1.805108e-01
     0.06205    1.564801e-01    1.957376e-01
     0.06215    2.071819e-01    9.663755e-02
     0.06225    8.347556e-02    1.426487e-01
     0.06235    1.055324e-01    1.192100e-01
     0.06245   -1.295676e-01    1.885569e-01
     0.06255   -1.501339e-02    2.001405e-01
     0.06265    1.828153e-01    1.822586e-01
     0.06275    9.266495e-02    6.745656e-02
     0.06285    9.766012e-02    1.638073e-01
     0.06295    4.712566e-02    2.011594e-01
     0.06305    8.884400e-02    2.008745e-01
     0.06315   -2.538769e-01    2.594881e-01
     0.06325   -8.301219e-02    1.997806e-01
     0.06335   -2.756115e-02    1.418551e-01
     0.06345   -2.745400e-01    2.992150e-01
     0.06355   -6.356931e-02    2.146544e-01
     0.06365    7.981383e-02    2.251040e-01
     0.06375   -1.665807e-02    1.846419e-01
     0.06385   -1.452933e-01    2.222167e-01
     0.06395    3.678276e-02    1.033238e-01
     0.06405    8.612393e-02    1.384866e-01
     0.06415    1.300970e-01    1.374315e-01
     0.06425   -1.206933e-01    2.196043e-01
     0.06435    1.496091e-01    1.909911e-01
     0.06445    2.424615e-02    1.553986e-01
     0.06455    5.513017e-02    5.161334e-02
     0.06465   -4.233723e-01    3.076340e-01
     0.06475   -1.201176e-01    1.579773e-01
     0.06485    6.085282e-02    1.862064e-01
     0.06495    1.633086e-01    1.839463e-01
     0.06505    1.895341e-01    9.824614e-02
     0.06515    9.663098e-03    1.995790e-01
     0.06525   -2.490572e-01    2.827859e-01
     0.06535    2.260398e-01    1.064992e-01
     0.06545   -2.370845e-01    2.039613e-01
     0.06555   -6.523224e-02    2.502937e-01
     0.06565    8.233711e-02    6.574585e-02
     0.06575    4.710394e-02    5.824702e-02
     0.06585   -4.112121e-01    3.207396e-01
     0.06595   -1.002883e-01    2.027511e-01
     0.06605    1.663879e-01    9.248798e-02
     0.06615   -3.746203e-01    2.736697e-01
     0.06625   -1.439496e-01    2.164588e-01
     0.06635    2.197651e-02    1.844969e-01
     0.06645    2.461766e-01    1.197892e-01
     0.06655    1.149113e-01    7.423671e-02
     0.06665    1.224734e-01    1.466917e-01
     0.06675   -1.522890e-02    1.840610e-01
     0.06685   -4.713321e-03    1.515094e-01
     0.06695   -3.740539e-03    1.996478e-01
     0.06705    1.070694e-01    1.566034e-01
     0.06715   -3.537483e-02    1.597759e-01
     0.06725   -2.159861e-01    2.558480e-01
     0.06735   -7.366197e-02    1.641932e-01
     0.06745    3.205785e-02    1.273408e-01
     0.06755   -1.168271e-01    2.097783e-01
     0.06765    7.100023e-02    1.653658e-01
     0.06775    1.262102e-01    1.995891e-01
     0.06785   -8.967210e-02    2.073418e-01
     0.06795    3.636980e-02    1.843933e-01
     0.06805    1.478874e-01    8.893487e-02
     0.06815   -3.083820e-01    2.828427e-01
     0.06825    4.023560e-02    1.719023e-01
     0.06835    4.469874e-02    1.898772e-01
     0.06845    2.033890e-01    1.071128e-01
     0.06855   -1.149015e-02    2.161183e-01
     0.06865    8.399436e-02    2.025513e-01
     0.06875    1.464309e-01    1.723234e-01
     0.06885    7.673223e-02    1.712303e-01
     0.06895    6.053010e-02    1.004380e-01
     0.06905   -2.681593e-02    2.406583e-01
     0.06915   -9.209164e-02    2.278023e-01
     0.06925    4.293979e-02    4.963647e-02
     0.06935   -4.327813e-02    2.182875e-01
     0.06945    1.565414e-01    1.745338e-01
     0.06955    5.411418e-02    2.222943e-01
     0.06965    6.126933e-02    1.860531e-01
     0.06975    1.692336e-01    1.244926e-01
     0.06985    1.413551e-01    1.072923e-01
     0.06995    2.352673e-01    1.556850e-01
     0.07005    2.233242e-01    1.316192e-01
     0.07015    9.353105e-02    7.310123e-02
     0.07025   -2.415967e-01    2.218064e-01
     0.07035    2.658609e-01    1.237367e-01
     0.07045    2.316637e-01    1.994269e-01
     0.07055    1.002313e-01    1.431150e-01
     0.07065   -2.991074e-01    2.694738e-01
     0.07075    2.112460e-01    1.090319e-01
     0.07085   -1.586193e-01    2.430382e-01
     0.07095    1.771541e-01    1.827312e-01
     0.07105    2.864443e-01    1.290645e-01
     0.07115    1.238945e-03    1.179669e-01
     0.07125    9.299975e-02    7.168121e-02
     0.07135    3.827725e-04    2.079062e-01
     0.07145    2.323671e-01    1.167441e-01
     0.07155    1.628869e-01    9.730765e-02
     0.07165   -1.537225e-01    2.608820e-01
     0.07175   -6.293693e-02    2.605828e-01
     0.07185    1.014733e-01    7.644786e-02
     0.07195   -2.589230e-01    2.249614e-01
     0.07205   -3.475112e-02    1.222210e-01
     0.07215   -5.245358e-02    1.944127e-01
     0.07225    2.290787e-01    1.375455e-01
     0.07235    2.386106e-01    1.647841e-01
     0.07245    1.737357e-01    1.099364e-01
     0.07255    3.269080e-02    4.358151e-02
     0.07265   -1.483399e-01    2.296078e-01
     0.07275    9.385527e-02    1.698634e-01
     0.07285    1.777480e-02    1.685702e-01
     0.07295    2.120498e-01    1.113672e-01
     0.07305    4.972478e-02    1.840455e-01
     0.07315   -3.358876e-02    1.683075e-01
     0.07325    2.207040e-01    1.467912e-01
     0.07335    2.686591e-01    1.287378e-01
     0.07345   -5.374432e-02    2.316185e-01
     0.07355    1.260370e-01    2.024141e-01
     0.07365   -5.860527e-03    1.848730e-01
     0.07375    2.082650e-02    1.302408e-01
     0.07385    1.857636e-01    1.080789e-01
     0.07395    8.464264e-02    2.418134e-01
     0.07405    2.223784e-02    1.690656e-01
     0.07415   -2.690933e-01    2.314831e-01
     0.07425    3.929611e-02    2.194125e-01
     0.07435    1.134243e-02    2.643849e-02
     0.07445    1.955184e-01    1.119969e-01
     0.07455   -3.650903e-02    1.144799e-01
     0.07465   -6.518848e-02    2.122095e-01
     0.07475    2.334451e-01    1.453719e-01
     0.07485    2.389368e-01    1.292833e-01
     0.07495   -1.245433e-02    2.312440e-01
     0.07505   -8.168371e-02    1.951207e-01
     0.07515   -4.349315e-02    1.459497e-01
     0.07525    6.961760e-02    2.165293e-01
     0.07535   -1.157586e-01    2.743816e-01
     0.07545   -1.178958e-01    1.858720e-01
     0.07555    5.378975e-03    2.283546e-01
     0.07565   -9.996330e-02    1.763947e-01
     0.07575    6.822911e-02    1.792027e-01
     0.07585    1.872596e-01    1.705588e-01
     0.07595    6.358608e-02    1.885107e-01
     0.07605    1.213900e-01    8.995261e-02
     0.07615   -4.009435e-01    3.274567e-01
     0.07625    3.383305e-01    1.555134e-01
     0.07635   -2.475878e-02    2.127075e-01
     0.07645    1.092202e-01    2.188336e-01
     0.07655   -5.626161e-02    1.493338e-01
     0.07665   -2.082103e-01    2.850602e-01
     0.07675    1.173361e-02    2.179576e-01
     0.07685   -3.950503e-02    2.166915e-01
     0.07695    1.681711e-01    1.034718e-01
     0.07705   -9.408966e-03    1.554084e-01
     0.07715   -4.616868e-01    3.735180e-01
     0.07725    1.989173e-01    2.196805e-01
     0.07735   -4.459326e-01    3.505147e-01
     0.07745   -2.819112e-01    2.817237e-01
     0.07755   -9.591736e-02    2.589113e-01
     0.07765   -1.536353e-01    3.100777e-01
     0.07775    3.881541e-02    1.307125e-01
     0.07785    1.828647e-01    1.114752e-01
     0.07795    2.594531e-01    1.314236e-01
     0.07805    3.491770e-03    2.342036e-01
     0.07815   -1.524929e-01    2.205184e-01
     0.07825   -1.351548e-01    2.112444e-01
     0.07835   -2.782032e-01    2.738684e-01
     0.07845    1.127041e-01    8.702361e-02
     0.07855   -1.971949e-01    2.944330e-01
     0.07865   -2.785438e-01    2.828935e-01
     0.07875   -4.464582e-02    1.427001e-01
     0.07885    1.224274e-01    9.276352e-02
     0.07895   -4.009526e-02    1.383956e-01
     0.07905   -1.810233e-01    2.760409e-01
     0.07915    8.571733e-02    7.744232e-02
     0.07925    1.881640e-01    1.116690e-01
     0.07935   -1.153478e-01    2.517528e-01
     0.07945   -6.690361e-02    2.045298e-01
     0.07955   -2.129800e-02    1.614787e-01
     0.07965   -1.248251e-01    2.460950e-01
     0.07975    9.492020e-02    8.106671e-02
     0.07985    5.096920e-03    1.494957e-01
     0.07995    3.133071e-02    2.165805e-01
     0.08005   -4.881005e-03    8.299508e-02
     0.08015    8.828147e-02    7.897357e-02
     0.08025   -2.204901e-01    2.871402e-01
     0.08035    9.684783e-02    8.225429e-02
     0.08045   -4.133850e-02    1.194590e-01
     0.08055    1.388050e-01    1.308546e-01
     0.08065   -4.342823e-01    3.452966e-01
     0.08075   -7.831522e-02    1.508430e-01
     0.08085    6.745303e-02    1.371309e-01
     0.08095    6.737262e-02    7.076777e-02
     0.08105    1.764605e-01    1.105972e-01
     0.08115   -2.064342e-02    1.543447e-01
     0.08125    2.211306e-02    3.946749e-02
     0.08135   -7.904391e-02    2.338297e-01
     0.08145   -7.472207e-02    1.893407e-01
     0.08155   -2.217126e-01    2.599348e-01
     0.08165   -3.320207e-01    2.937246e-01
     0.08175   -3.170427e-01    3.062113e-01
     0.08185    2.359213e-01    1.586231e-01
     0.08195    8.959383e-02    8.107847e-02
     0.08205    2.099264e-02    2.584076e-01
     0.08215    7.893298e-02    7.717768e-02
     0.08225   -7.287474e-02    1.559192e-01
     0.08235    2.440483e-02    1.272959e-01
     0.08245    1.923332e-01    1.458011e-01
     0.08255    4.818111e-02    6.017763e-02
     0.08265    1.746058e-01    1.410899e-01
     0.08275    7.479276e-02    7.483357e-02
     0.08285   -8.475049e-02    1.961294e-01
     0.08295    6.264025e-02    2.200314e-01
     0.08305   -1.885099e-02    1.300884e-01
     0.08315    1.020489e-01    8.735351e-02
     0.08325    5.493459e-02    2.728848e-01
     0.08335   -3.115577e-01    3.320724e-01
     0.08345   -3.300544e-02    1.509808e-01
     0.08355   -1.037574e-02    1.560358e-01
     0.08365   -9.013383e-01    4.934265e-01
     0.08375    2.150594e-02    1.856875e-01
     0.08385    1.245118e-01    2.215700e-01
     0.08395   -4.408913e-01    3.251643e-01
     0.08405   -1.365078e-01    2.467469e-01
     0.08415    9.011936e-03    2.578281e-01
     0.08425   -6.973818e-02    2.496898e-01
     0.08435   -5.254902e-02    2.229555e-01
     0.08445   -1.647881e-01    2.466188e-01
     0.08455   -4.387270e-01    3.702326e-01
     0.08465    1.822746e-01    1.346548e-01
     0.08475    1.597507e-01    1.813612e-01
     0.08485   -1.944039e-01    2.419811e-01
     0.08495    1.690640e-01    1.204137e-01
     0.08505    1.882144e-02    3.966785e-02
     0.08515    4.783331e-02    1.763325e-01
     0.08525    0.000000e+00    1.000000e+06
     0.08535    2.662607e-01    1.500061e-01
     0.08545    1.575243e-01    1.053318e-01
     0.08555    7.086695e-02    7.282690e-02
     0.08565   -3.914825e-01    3.786420e-01
     0.08575    7.470468e-02    2.683514e-01
     0.08585    7.120737e-02    2.202634e-01
     0.08595   -9.280344e-02    1.894332e-01
     0.08605    2.097265e-01    1.283632e-01
     0.08615   -1.407315e-01    1.846060e-01
     0.08625   -5.574595e-01    3.659057e-01
     0.08635   -7.669651e-02    3.453192e-01
     0.08645   -2.911730e-02    2.736912e-01
     0.08655    8.985982e-02    8.727048e-02
     0.08665   -5.163460e-02    2.125117e-01
     0.08675   -1.925618e-01    2.407550e-01
     0.08685    1.317656e-01    1.011630e-01
     0.08695   -1.199038e-01    2.711373e-01
     0.08705    2.762636e-01    1.972245e-01
     0.08715   -8.706793e-02    2.169855e-01
     0.08725    2.121115e-02    7.327155e-02
     0.08735    2.212468e-01    1.366693e-01
     0.08745   -3.779871e-01    3.151049e-01
     0.08755    7.328860e-02    7.835495e-02
     0.08765   -2.293646e-01    2.433255e-01
     0.08775   -4.335851e-01    3.442893e-01
     0.08785    2.178997e-01    1.417237e-01
     0.08795    8.207454e-02    8.140529e-02
     0.08805   -1.605783e-01    2.047377e-01
     0.08815   -1.993261e-01    2.723568e-01
     0.08825    2.277025e-01    1.372814e-01
     0.08835   -3.471254e-01    3.441054e-01
     0.08845   -1.588815e-01    2.631156e-01
     0.08855   -4.976706e-02    1.754413e-01
     0.08865   -2.733464e-01    2.959213e-01
     0.08875   -4.301402e-02    3.204371e-01
     0.08885    8.508597e-02    8.508600e-02
     0.08895   -1.870872e-01    3.105482e-01
     0.08905    9.391703e-02    1.851016e-01
     0.08915    1.860308e-01    1.248244e-01
     0.08925    1.038012e-01    9.483691e-02
     0.08935   -1.671094e-01    2.895371e-01
     0.08945    5.982231e-02    7.186227e-02
     0.08955    3.162885e-01    1.690878e-01
     0.08965   -1.350826e-01    3.159291e-01
     0.08975   -1.068647e-01    2.773999e-01
     0.08985    1.935747e-01    1.329276e-01
     0.08995    1.646351e-01    1.213479e-01
     0.09005   -9.128031e-02    2.652176e-01
     0.09015    1.109393e-01    9.987599e-02
     0.09025    2.591715e-01    1.687682e-01
     0.09035   -1.848825e-01    2.290350e-01
     0.09045    8.112545e-02    2.301950e-01
     0.09055    1.841442e-01    1.267069e-01
     0.09065    1.515956e-01    1.168103e-01
     0.09075    5.069256e-01    2.162915e-01
     0.09085   -1.241000e-01    2.369189e-01
     0.09095   -8.592038e-02    2.903542e-01
     0.09105    1.488951e-01    1.120268e-01
     0.09115   -5.885317e-01    4.372623e-01
     0.09125   -1.320192e-01    3.305986e-01
     0.09135   -5.344819e-02    2.952747e-01
     0.09145    2.566705e-02    4.895419e-02
     0.09155    2.979983e-02    1.935315e-01
     0.09165   -1.423678e-01    2.399449e-01
     0.09175    2.267009e-01    1.452340e-01
     0.09185   -1.020846e-01    2.185205e-01
     0.09195   -2.054421e-01    2.413729e-01
     0.09205    2.330634e-01    1.450288e-01
     0.09215    1.812153e-01    2.640249e-01
     0.09225   -2.341460e-01    2.838848e-01
     0.09235    9.096870e-02    9.381916e-02
     0.09245    5.007033e-01    2.079844e-01
     0.09255    3.323516e-02    5.647411e-02
     0.09265    2.342963e-01    1.514284e-01
     0.09275    5.461281e-02    6.946105e-02
     0.09285    2.686965e-01    1.622488e-01
     0.09295   -2.840034e-01    3.364851e-01
     0.09305   -2.711206e-01    3.721446e-01
     0.09315   -4.696853e-01    3.615044e-01
     0.09325    1.319424e-01    1.113454e-01
     0.09335    1.599496e-01    1.287577e-01
     0.09345    1.285834e-01    1.104256e-01
     0.09355   -4.258446e-02    1.610562e-01
     0.09365    1.398284e-01    1.142809e-01
     0.09375    1.217962e-01    1.074274e-01
     0.09385    0.000000e+00    1.000000e+06
     0.09395   -2.454358e-01    3.686309e-01
     0.09405    6.422750e-02    7.800825e-02
     0.09415   -1.582408e-01    2.912172e-01
     0.09425    6.516199e-02    8.222271e-02
     0.09435   -6.360081e-02    2.257770e-01
     0.09445   -2.417077e-02    1.866787e-01
     0.09455    1.672343e-01    1.273535e-01
     0.09465    3.495505e-01    1.767190e-01
     0.09475   -8.242302e-01    5.450816e-01
     0.09485    0.000000e+00    1.000000e+06
     0.09495   -4.632966e-02    2.962437e-01
     0.09505   -3.417456e-01    3.823170e-01
     0.09515   -2.634001e-01    3.383839e-01
     0.09525   -2.791243e-01    3.878401e-01
     0.09535    6.963212e-02    8.269499e-02
     0.09545    2.770575e-01    1.674168e-01
     0.09555   -1.758879e-01    3.534123e-01
     0.09565   -2.789237e-01    2.789238e-01
     0.09575    6.655856e-02    8.149772e-02
     0.09585    1.184700e-01    1.086692e-01
     0.09595    1.172597e-01    2.427653e-01
     0.09605    3.093776e-01    1.729123e-01
     0.09615   -2.686665e-01    3.001999e-01
     0.09625   -1.179812e-01    2.728864e-01
     0.09635    1.196445e-01    1.070268e-01
     0.09645    1.020512e-01    1.020965e-01
     0.09655    1.747300e-01    1.516085e-01
     0.09665   -1.647368e-01    2.482368e-01
     0.09675    2.303680e-03    1.528183e-02
     0.09685    1.325899e-01    1.187912e-01
     0.09695    9.578470e-02    9.872708e-02
     0.09705    2.137998e-02    7.156190e-02
     0.09715    5.416125e-02    2.273139e-01
     0.09725    2.310934e-01    1.540495e-01
     0.09735    1.678888e-01    1.291782e-01
     0.09745   -3.727754e-01    3.404773e-01
     0.09755   -1.651979e-01    3.720143e-01
     0.09765    1.058137e-01    1.046537e-01
     0.09775   -1.735173e-01    4.138136e-01
     0.09785    2.110432e-01    1.458921e-01
     0.09795    6.416071e-02    8.304687e-02
     0.09805    1.970123e-04    9.210232e-02
     0.09815   -1.185485e-01    2.765541e-01
     0.09825    1.983284e-01    1.457488e-01
     0.09835   -1.500024e-01    2.666748e-01
     0.09845   -3.545430e-01    3.643319e-01
     0.09855   -9.324608e-02    3.636642e-01
     0.09865    3.312158e-01    1.843361e-01
     0.09875    9.320767e-02    9.947023e-02
     0.09885    1.832672e-01    1.375629e-01
     0.09895    1.498967e-01    1.287535e-01
     0.09905    1.342008e-02    3.850408e-02
     0.09915   -2.358744e-03    3.531502e-02
     0.09925    3.620033e-02    6.273610e-02
     0.09935    2.830029e-01    1.718092e-01
     0.09945    1.049951e-01    1.069514e-01
     0.09955    6.192587e-02    1.188621e-01
     0.09965    1.080760e-01    1.204788e-01
     0.09975   -3.610490e-02    2.600966e-01
     0.09985    0.000000e+00    1.000000e+06
     0.09995    3.869849e-01    2.041537e-01
