0.482275970544748
0.3526487197001296
0.2938462362306161
0.2662308478498022
0.2490729884714974
0.2350463304735616
0.2229338967515735
0.212796649971776
0.2043692139866965
0.1971932751609989
0.1908972322177618
0.1852931558652319
0.1803040960370521
0.1759002459660863
0.1720418809260444
0.1686342542730013
0.1655407228180225
0.162619801751045
0.1597912633831656
0.1570278589817971
0.1543464623812609
0.1517537238440772
0.1492481407319822
0.1468126677609565
0.1444397610901688
0.1421150262317982
0.1398229351741545
0.1375579596772157
0.1353394301336643
0.1331930858419432
0.1311181545753679
0.1290980315823087
0.127123050951457
0.1252170745350423
0.1234146768233867
0.1217586415670875
0.1202806749178174
0.1190019594775821
0.1179061948575793
0.1169469972147778
0.1160589642938808
0.1151923608240921
0.114330070838516
0.1134882327473982
0.1126894937503899
0.1119306220493909
0.1111804225337482
0.110388802319037
0.1095120373374739
0.1085200190055778
0.1074177993378453
0.1062347745109982
0.1050158731836535
0.1037958014688694
0.1026015468819243
0.1014443535541363
0.1003254832893727
0.09924210914363583
0.09820099730962491
0.09721619102821927
0.09629713542600221
0.09544494463653501
0.09464665263793552
0.0938808804733105
0.09312259952726708
0.09237026013701853
0.09165135700053897
0.09101896363793324
0.09051743918416662
0.09016276386454689
0.08992880099064467
0.08976684605097768
0.08963000627481152
0.08949414305038993
0.08935325836660009
0.08920419112271476
0.08903944515448148
0.08884657621214204
0.08861685872164182
0.08834168448015817
0.08801502116519672
0.08762697650038453
0.08717414901924331
0.08665967900327333
0.0861003116856546
0.08551719829138907
0.0849335314070461
0.08436484647092207
0.08381728686771982
0.08328502306524499
0.08275440807455574
0.08221239288329134
0.08165278987519262
0.08108218512148872
0.08051301990153312
0.07996018738758806
0.07943091523285625
0.07892805762983646
0.07844668549362946
0.07798153311364141
0.07752546061392651
0.07707502580355603
0.07662738942880365
0.07618273387251877
0.07574228950539835
0.07530774482709282
0.07487863227260212
0.07445043778430784
0.07401875364416374
0.07358043374562115
0.07313791032272231
0.07269403222988713
0.07225336258957174
0.07181668577743905
0.07138543816327272
0.07095906556242094
0.07053919455213158
0.07012647319777092
0.06972360650079933
0.06933413838443962
0.06896310117697475
0.06861470997224166
0.06829109966532415
0.0679945791757483
0.06772790877837338
0.06749685829379856
0.06730588296429585
0.06715982810610881
0.06706009851829506
0.06700789696103943
0.06700011641915309
0.06703300219535151
0.06710129877884147
0.0672037409398529
0.06734166976625339
0.06751802083974655
0.06773269584786114
0.06798168085952237
0.0682601065027427
0.06856445335075138
0.06889519317192253
0.06925269974074297
0.06963811514332886
0.07004967555333866
0.070487206906699
0.07095005886131919
0.07144174406639664
0.07196654519435262
0.07253157549969959
0.07314257552494109
0.07380520695964626
0.07452452709824495
0.07530904127069886
0.07617415935676908
0.07714173702716802
0.07823716457291353
0.07948158584660771
0.0808948841867457
0.08250123145229275
0.08434420658733822
0.08647556295042536
0.08892224265457783
0.09164591705082412
0.09458008128618721
0.09772554760977739
0.1012306254315012
0.1053722158502225
0.1103203929676879
0.1157092609846656
0.1207230056906927
0.125129779805861
0.1297076195543058
0.135199499949993
0.1416207599958132
0.1488583502737265
0.1573772165336187
0.1675287394653296
0.1787930162605317
0.1905742564821091
0.2026493889893569
0.2132242653100544
0.2197888872782616
0.223973239149242
0.230034971352689
0.2396655485985652
0.2523917314849934
0.268078052248311
0.2859324504708019
0.3041112996519738
0.3225155389142705
0.3447722292806939
0.3750086040880395
0.4122732545446843
0.4516504424237718
0.4894364129860566
0.524307280122624
0.5583512399010726
0.59232061244659
0.6148089086966021
0.6084547229767782
0.5789392239362851
0.5499873960315352
0.5331087310447886
0.5238480051124035
0.5180413488345976
0.5180892226998451
0.5224241830799697
0.5231582768073956
0.517617141938561
0.5117464828822398
0.513010131811684
0.5282709802160548
0.5562296127419898
0.5818022467219897
0.5924067554525333
0.5966368974591207
0.6109109942073119
0.6427032671223102
0.6916756870044544
0.7525228025921304
0.8121229575732252
0.8583696102627861
0.8887257979737524
0.9023122917423892
0.9032228098666849
0.9023116498061931
0.9068320431883187
0.9178252511674886
0.9316648001547561
0.9440650462181881
0.9525972331947939
0.9556045576541099
0.954036318392725
0.9504137715145766
0.943421909210634
0.9317214093537436
0.9216173442811031
0.9163681295387868
0.9089163080056122
0.896305729484392
0.886054895540578
0.8761351023252164
0.8516204510485101
0.8120845863225596
0.7770569120613541
0.759217498811567
0.7582264149962713
0.7695249696022197
0.7866239457926071
0.8043242952651352
0.8262416301435023
0.862480252584678
0.9179035032787208
0.9823235383690379
1.041608858145147
1.104954533231928
1.194383761645195
1.307992473501671
1.421087971282144
1.520685039462006
1.605420857483262
1.681531408379651
1.771685552270994
1.88331644593004
1.99185250979648
2.080794870709561
2.167383268769506
2.252982880281925
2.305756075983933
2.310418138347175
2.296634633595635
2.298817029562921
2.312272410189381
2.29567401729451
2.229938345000324
2.152113375492585
2.088569543105203
2.024217075985754
1.95218881167906
1.90138932215258
1.893423783309916
1.920023328858185
1.948602490360605
1.938513844111889
1.895521478860173
1.880473156767614
1.93260380628369
2.024347079463742
2.104548873875978
2.166601810318622
2.236912921568938
2.341166507932489
2.481689817057951
2.641411487492283
2.803735946755783
2.948712981015048
3.066834643870533
3.181901070011674
3.306179668459667
3.435197694638298
3.588901269305758
3.750438831612437
3.807053733951433
3.668862727679973
3.396477999582519
3.13508057880503
2.966592290351367
2.86790213193422
2.768585149887438
2.616620475528319
2.415935812887772
2.205195452765166
2.010540626080957
1.844781116269894
1.714741597412222
1.600550718874519
1.478123378884481
1.363457734771756
1.28037791633616
1.223259998665065
1.175730272952168
1.139246003593887
1.119619324664007
1.112530451644052
1.109411884922466
1.102626821841973
1.089019245212879
1.069332157372715
1.044837766625148
1.022813009172374
1.012172931708635
1.007200577649247
1.002159546456114
1.015388854561619
1.065181274401036
1.136751048005197
1.182353066914214
1.174945764452801
1.161349151470686
1.198908121821354
1.282532226110457
1.353847584510584
1.380905872929316
1.403510767360762
1.472749673606701
1.602253649775024
1.766966583924421
1.904190721782134
1.962387191843012
1.966403363532161
1.981949019421444
2.040904361696557
2.148848136206926
2.305772711698734
2.499056112026386
2.697413863967039
2.873207943131086
3.032267747761791
3.164247088234086
3.235912219698549
3.268031878749028
3.296397955514353
3.26900760107246
3.112667154936709
2.882132851634693
2.699227144044582
2.622448425463527
2.611145586755367
2.551207295106431
2.35323124106191
2.072170272016972
1.828612922005194
1.663662336825639
1.553605142223069
1.479840692966579
1.440367020351444
1.416541773174851
1.38272092589271
1.347713934860472
1.336231496542578
1.352213504893973
1.382748131889305
1.420425228158359
1.476274162471516
1.541525562312474
1.56785138142019
1.523592135642422
1.438061585445026
1.36223011636265
1.328504168688198
1.343260699842393
1.389673405635792
1.433835234853226
1.451556291467705
1.455673425130283
1.479738992170077
1.536351177110062
1.614617237016423
1.707506770215911
1.800523096782195
1.867159881516372
1.918811692341087
1.995799584456134
2.106409672877096
2.22156933530274
2.307968627760329
2.340445414154107
2.315239295151468
2.267254348151509
2.226259751197541
2.191274026148291
2.164563443385056
2.167866023825173
2.219321770182363
2.297808876659907
2.3287754227146
2.235909564449153
2.015597781616949
1.736094619448703
1.480972558079598
1.291372396757732
1.156925345562688
1.055366109974717
0.9691579590120828
0.8884816497935167
0.811281919207684
0.73820716041691
0.669926485300555
0.6110700631380099
0.5661303765409895
0.5330387999120085
0.5048379226604154
0.4752581661835886
0.4444370044800511
0.4165555214447926
0.393559944406866
0.3742360806979243
0.3568055185991204
0.3404723607535804
0.3255327843910505
0.3124430805929426
0.3011706243679881
0.2913259083157225
0.2825644013094059
0.2746495594479558
0.2674676878335984
0.2609175072719372
0.2549385116678566
0.2494541849743801
0.244415680022666
0.2397560584502692
0.2354245836439
0.231356778173455
0.227509749299089
0.223845137865984
0.2203495725474406
0.217009570295689
0.2138170065709312
0.2107532296625272
0.2078003937763001
0.204941023636145
0.2021637486743552
0.19946451128515
0.1968391756615286
0.1942888264404147
0.1918081559275621
0.1893993342111724
0.1870593825559407
0.1847943751378595
0.1826033453900044
0.1804915870077488
0.1784564733461474
0.1765017447068609
0.1746221216712943
0.1728194633754267
0.1710853310056477
0.169422523705193
0.1678235944263254
0.1662956860352972
0.1648341486755696
0.1634486107972015
0.1621361275555634
0.1609073069843746
0.1597604002569248
0.1587022130933034
0.1577245909636285
0.1568268919280975
0.1560016023925182
0.1552541709084821
0.1545850172020654
0.1539982150054951
0.1534910265684779
0.1530623240326399
0.152715767762714
0.1524523824357246
0.1522787423857837
0.1521844150844332
0.152168111366903
0.152212470755847
0.1523227021014031
0.1524903314896713
0.1527298209303562
0.1530351753178848
0.1534184919457225
0.153867718198067
0.1543877185407582
0.1549615992546635
0.1555897076424225
0.1562551093935062
0.1569543299028388
0.1576734746452466
0.1584044762103883
0.1591364218004112
0.1598585456020646
0.1605719228236711
0.1612747263733449
0.1619776896750252
0.1626726999845771
0.1633583972282443
0.1640145590785237
0.164641920179959
0.165235204523641
0.1658151754854103
0.1663887356830555
0.1669778362794568
0.167584598564695
0.1682221686272825
0.1688872076679747
0.1695885157485345
0.1703235343752498
0.1711000572407418
0.1719105583008287
0.1727613691916572
0.1736388305023147
0.1745488072963811
0.1754701797439301
0.1764139352367561
0.177364635258811
0.1783443087548329
0.1793458994644899
0.1803968228537675
0.1814945384340503
0.1826591819715433
0.1838862826188306
0.1851834524183076
0.1865509873815996
0.1879855524276344
0.189498825735333
0.1910723235738385
0.1927262956884728
0.1944316060808639
0.1962216760628783
0.1980608104053256
0.1999762728375802
0.2019254278119222
0.2039296391752409
0.2059564591318239
0.2080173773690313
0.2100910304011668
0.2121814059859431
0.2142956304351403
0.2164406577189346
0.2186390896623956
0.2208711315761789
0.2231401731030548
0.2254081276197594
0.2276731281881933
0.2299194070356516
0.2321527523279239
0.2343985376484405
0.2366564301113201
0.238966429829834
0.2412935209019202
0.2436666613830928
0.2460282335799119
0.2484205027312102
0.2508111840533483
0.2532568150167041
0.2557315816998652
0.2582674346541328
0.2608396531004967
0.2634603951337718
0.2661232828770668
0.2688430551866628
0.2716303320759973
0.2745011098877602
0.2774561746398453
0.2805122503674665
0.2836546057707953
0.2869092268896662
0.2902717426496377
0.2937777277398617
0.2974292837138292
0.3012371925810925
0.305225997545121
0.3094157492295729
0.3139547054636085
0.3190685034905327
0.3252005940358684
0.3324836943419908
