297849311.9079883
297681821.6555905
297513843.4633375
297345376.2293786
297176418.8516323
297006970.2278057
296837029.255417
296666594.8318115
296495665.8541843
296324241.2195977
296152319.8250031
295979900.5672618
295806982.3431646
295633564.0494507
295459644.5828317
295285222.8400117
295110297.7177066
294934868.1126685
294758932.9217032
294582491.0416962
294405541.3696318
294228082.8026163
294050114.2378997
293871634.5728974
293692642.7052144
293513137.5326666
293333117.9533059
293152582.8654386
292971531.1676551
292789961.7588483
292607873.5382385
292425265.4053999
292242136.2602796
292058485.0032259
291874310.5350125
291689611.7568595
291504387.5704633
291318636.8780162
291132358.5822363
290945551.5863886
290758214.7943149
290570347.1104546
290381947.4398755
290193014.6882957
290003547.7621124
289813545.5684283
289623007.0150763
289431931.0106485
289240316.4645222
289048162.286888
288855467.3887753
288662230.6820823
288468451.0796029
288274127.4950532
288079258.8431037
287883844.0394034
287687882.0006112
287491371.6444227
287294311.8896029
287096701.6560107
286898539.8646314
286699825.4376062
286500557.2982618
286300734.3711389
286100355.5820263
285899419.8579866
285697926.1273912
285495873.3199483
285293260.3667361
285090086.200233
284886349.7543496
284682049.9644596
284477185.7674345
284271756.1016716
284065759.9071309
283859196.1253643
283652063.6995507
283444361.5745288
283236088.6968284
283027244.0147067
282817826.478181
282607835.0390625
282397268.65099
282186126.2694659
281974406.851889
281762109.3575925
281549232.7478744
281335775.9860372
281121738.0374212
280907117.869442
280691914.4516235
280476126.755638
280259753.7553396
280042794.426804
279825247.7483611
279607112.7006372
279388388.2665894
279169073.4315433
278949167.1832327
278728668.5118352
278507576.4100137
278285889.8729518
278063607.8983959
277840729.4866911
277617253.6408232
277393179.3664569
277168505.6719757
276943231.5685228
276717356.0700397
276490878.1933094
276263796.9579945
276036111.3866802
275807820.5049143
275578923.3412495
275349418.9272856
275119306.2977095
274888584.4903407
274657252.5461701
274425309.5094068
274192754.4275174
273959586.3512714
273725804.3347839
273491407.4355608
273256394.714541
273020765.2361415
272784518.0683016
272547652.2825289
272310166.9539419
272072061.1613188
271833333.9871398
271593984.5176339
271354011.8428261
271113415.0565826
270872193.2566574
270630345.54474
270387871.0265005
270144768.8116405
269901038.0139365
269656677.7512909
269411687.145779
269166065.3236966
268919811.4156104
268672924.556406
268425403.8853363
268177248.5460721
267928457.6867512
267679030.4600294
267428966.0231286
267178263.5378889
266926922.1708199
266674941.0931492
266422319.4808763
266169056.514823
265915151.3806846
265660603.269084
265405411.3756213
265149574.900928
264893093.0507198
264635965.03585
264378190.0723616
264119767.3815425
263860696.1899778
263600975.7296056
263340605.2377702
263079583.9572779
262817911.1364509
262555586.0291831
262292607.8949954
262028975.9990923
261764689.6124168
261499748.0117066
261234150.4795523
260967896.3044534
260700984.7808737
260433415.2093012
260165186.8963046
259896299.1545916
259626751.3030658
259356542.6668883
259085672.5775314
258814140.3728425
258541945.3971006
258269087.0010764
257995564.5420924
257721377.3840822
257446524.8976515
257171006.4601391
256894821.4556756
256617969.275247
256340449.316755
256062260.985078
255783403.6921337
255503876.8569419
255223679.9056852
254942812.2717728
254661273.3959038
254379062.7261285
254096179.7179147
253812623.834209
253528394.5455016
253243491.3298909
252957913.6731472
252671661.0687786
252384733.0180939
252097129.0302705
251808848.622419
251519891.3196467
251230256.6551271
250939944.1701644
250648953.4142597
250357283.945179
250064935.3290185
249771907.1402741
249478198.9619066
249183810.385412
248888741.0108868
248592990.4470988
248296558.3115539
247999444.2305648
247701647.8393213
247403168.78196
247104006.71163
246804161.290568
246503632.1901643
246202419.0910353
245900521.6830909
245597939.6656097
245294672.747306
244990720.6464034
244686083.0907043
244380759.8176634
244074750.5744584
243768055.1180622
243460673.2153156
243152604.642999
242843849.187907
242534406.6469186
242224276.8270733
241913459.5456426
241601954.6302042
241289761.9187165
240976881.2595913
240663312.5117701
240349055.5447954
240034110.2388901
239718476.485027
239402154.1850089
239085143.2515406
238767443.6083064
238449055.1900441
238129977.9426228
237810211.823117
237489756.7998852
237168612.8526448
236846779.9725493
236524258.1622652
236201047.4360493
235877147.8198256
235552559.3512633
235227282.079854
234901316.0669892
234574661.3860394
234247318.1224314
233919286.3737263
233590566.2496998
233261157.8724184
232931061.376321
232600276.9082943
232268804.6277563
231936644.7067315
231603797.3299339
231270262.6948437
230936041.0117892
230601132.5040249
230265537.4078142
229929255.9725063
229592288.4606186
229254635.1479174
228916296.3234967
228577272.2898613
228237563.3630055
227897169.8724947
227556092.1615478
227214330.5871158
226871885.5199672
226528757.344764
226184946.4601481
225840453.2788192
225495278.2276201
225149421.7476153
224802884.2941747
224455666.3370551
224107768.3604823
223759190.8632336
223409934.3587193
223059999.3750654
222709386.4551961
222358096.156916
222006129.0529934
221653485.7312408
221300166.7946002
220946172.8612238
220591504.5645575
220236162.5534234
219880147.4921018
219523460.0604168
219166100.9538151
218808070.8834523
218449370.5762741
218090000.7750988
217729962.2387016
217369255.741897
217007882.0756202
216645842.0470128
216283136.4795033
215919766.2128906
215555732.1034286
215191035.0239054
214825675.8637303
214459655.5290124
214092974.9426473
213725635.0443968
213357636.7909733
212988981.1561212
212619669.1307003
212249701.7227677
211879079.9576604
211507804.8780778
211135877.544164
210763299.0335886
210390070.4416316
210016192.8812616
209641667.4832211
209266495.3961058
208890677.7864484
208514215.8387979
208137110.7558019
207759363.7582886
207380976.0853469
207001948.9944077
206622283.7613245
206241981.6804546
205861044.0647391
205479472.2457829
205097267.573936
204714431.4183721
204330965.1671688
203946870.2273882
203562148.0251549
203176800.0057354
202790827.6336178
202404232.3925897
202017015.7858171
201629179.3359222
201240724.5850623
200851653.0950061
200461966.4472126
200071666.2429085
199680754.1031625
199289231.668966
198897100.6013056
198504362.5812421
198111019.309985
197717072.5089671
197322523.919922
196927375.3049568
196531628.4466272
196135285.1480126
195738347.2327887
195340816.545301
194942694.9506389
194543984.334707
194144686.6042993
193744803.6871689
193344337.5321015
192943290.1089846
192541663.4088804
192139459.4440945
191736680.2482473
191333327.8763396
190929404.4048278
190524911.9316866
190119852.5764807
189714228.480431
189308041.8064808
188901294.7393642
188493989.485672
188086128.273915
187677713.3545929
187268747.0002549
186859231.505567
186449169.1873723
186038562.384758
185627413.4591124
185215724.7941929
184803498.79618
184390737.8937459
183977444.538107
183563621.2030889
183149270.3851803
182734394.6035974
182318996.4003333
181903078.3402231
181486643.0109928
181069693.0233211
180652231.0108882
180234259.6304353
179815781.5618145
179396799.5080425
178977316.1953525
178557334.3732462
178136856.8145434
177715886.3154318
177294425.6955164
176872477.7978673
176450045.4890667
176027131.6592572
175603739.222186
175179871.1152498
174755530.2995398
174330719.7598855
173905442.5048941
173479701.5669977
173053500.0024878
172626840.8915598
172199727.3383487
171772162.4709702
171344149.4415545
170915691.4262863
170486791.6254364
170057453.2633977
169627679.5887194
169197473.8741374
168766839.4166074
168335779.5373337
167904297.5818008
167472396.9197989
167040080.9454534
166607353.0772513
166174216.7580638
165740675.4551741
165306732.6602971
164872391.8896042
164437656.6837421
164002530.6078542
163567017.2515978
163131120.2291624
162694843.1792858
162258189.7652696
161821163.6749931
161383768.6209264
160946008.3401405
160507886.5943204
160069407.1697719
159630573.877431
159191390.5528702
158751861.0563028
158311989.2725897
157871779.1112401
157431234.5064139
156990359.4169223
156549157.8262254
156107633.7424328
155665791.1982955
155223634.2512057
154781166.9831865
154338393.5008864
153895317.9355692
153451944.443103
153008277.2039505
152564320.4231516
152120078.3303117
151675555.1795851
151230755.249655
150785682.843717
150340342.2894565
149894737.9390268
149448874.1690251
149002755.3804679
148556385.9987637
148109770.4736847
147662913.2793359
147215818.9141252
146768491.9007282
146320936.7860555
145873158.1412151
145425160.5614738
144976948.6662197
144528527.0989183
144079900.5270714
143631073.6421719
143182051.1596567
142732837.8188598
142283438.3829618
141833857.638939
141384100.3975093
140934171.4930788
140484075.7836822
140033818.1509279
139583403.4999352
139132836.7592731
138682122.8808956
138231266.8400782
137780273.6353471
137329148.2884124
136877895.8440956
136426521.3702576
135975029.9577219
135523426.7201997
135071716.794209
134619905.3389971
134167997.5364542
133715998.5910314
133263913.7296532
132811748.2016303
132359507.2785665
131907196.25427
131454820.4446553
131002385.1876504
130549895.8430946
130097357.7926418
129644776.4396555
129192157.2091055
128739505.5474609
128286826.9225822
127834126.8236095
127381410.7608509
126928684.2656669
126475952.8903545
126023222.2080262
125570497.8124913
125117785.3181307
124665090.359773
124212418.5925653
123759775.6918453
123307167.3530072
122854599.2913707
122402077.2420415
121949606.9597755
121497194.2188362
121044844.8128535
120592564.5546776
120140359.2762327
119688234.8283658
119236197.0806974
118784251.9214652
118332405.2573704
117880663.0134154
117429031.1327486
116977515.5764952
116526122.3235974
116074857.3706429
115623726.7316976
115172736.4381316
114721892.5384462
114271201.0980956
113820668.1993105
113370299.9409127
112920102.4381357
112470081.8224351
112020244.2413027
111570595.858074
111121142.8517367
110671891.4167341
110222847.762768
109774018.1145975
109325408.7118396
108877025.8087596
108428875.6740679
107980964.5907089
107533298.8556497
107085884.7796643
106638728.6871185
106191836.9157503
105745215.8164489
105298871.7530297
104852811.1020097
104407040.2523778
103961565.6053644
103516393.5742079
103071530.5839193
102626983.0710432
102182757.4834191
101738860.2799362
101295297.9302907
100852076.9147362
100409203.7238349
99966684.8582045
99524526.82826453
99082736.15397805
98641319.36459319
98200282.99838017
97759633.60236906
97319377.73208112
96879521.95126142
96440072.83160645
96001036.95249242
95562420.90069659
95124231.27012168
94686474.6615137
94249157.68217987
93812286.94570239
93375869.07165253
92939910.68529896
92504418.41731739
92069398.90349463
91634858.7844335
91200804.70525162
90767243.31528281
90334181.26777159
89901625.21956892
89469581.83082226
89038057.76466818
88607059.68691711
88176594.26574105
87746668.17135458
87317288.07569832
86888460.65211536
86460192.57503001
86032490.51962018
85605361.16149217
85178811.17634904
84752847.23965959
84327476.0263239
83902704.21033871
83478538.46445701
83054985.45985071
82632051.86576545
82209744.34917937
81788069.57445435
81367034.20299011
80946644.89287214
80526908.29852088
80107831.07033706
79689419.85434601
79271681.29183976
78854622.01901771
78438248.66662404
78022567.85958567
77607586.21664558
77193310.34999733
76779746.86491454
76366902.35938239
75954783.42372309
75543396.64022389
75132748.58275986
74722845.81641772
74313694.89711578
73905302.37122463
73497674.77518325
73090818.63511731
72684740.4664519
72279446.77352601
71874944.04920359
71471238.77448477
71068337.41811277
70666246.43618317
70264972.27174887
69864521.35442567
69464900.09999377
69066114.91000253
68668172.17136884
68271078.25597829
67874839.52028166
67479462.30489512
67084952.9341928
66691317.71590456
66298562.9407078
65906694.88182185
65515719.79459821
65125643.91611336
64736473.46475639
64348214.63982021
63960873.62108727
63574456.56841956
63188969.62134227
62804418.8986319
62420810.49789932
62038150.49517582
61656444.94449481
61275699.87747666
60895921.30290975
60517115.20633338
60139287.54961803
59762444.27054769
59386591.28239877
59011734.47352202
58637879.70692013
58265032.81982973
57893199.623298
57522385.90176416
57152597.41263586
56783839.8858702
56416119.02355044
56049440.49946599
55683809.95868956
55319233.01715726
54955715.26124601
54593262.24735335
54231879.50147533
53871572.51878706
53512346.7632209
53154207.66704717
52797160.63045374
52441211.02112716
52086364.17383272
51732625.38999742
51379999.93729005
51028493.04920638
50678109.92464963
50328855.7275171
49980735.58628295
49633754.59358495
49287917.8058103
48943230.24268337
48599696.88685286
48257322.68348271
47916112.53984062
47576071.32489073
47237203.86888511
46899514.96295888
46563009.35872296
46227691.76786294
45893566.86173411
45560639.27096307
45228913.58504562
44898394.35195103
44569086.07772379
44240993.2260904
43914120.21806458
43588471.43155748
43264051.20098655
42940863.81688916
42618913.52553517
42298204.52854466
41978740.98250411
41660526.99858819
41343566.64218057
41027863.93249936
40713422.84222271
40400247.29711856
40088341.17567474
39777708.30873388
39468352.47912777
39160277.42131724
38853486.82103228
38547984.31491611
38243773.49017106
37940857.88420831
37639240.98429815
37338926.22722657
37039916.99895067
36742216.63426092
36445828.41644259
36150755.5769442
35857001.29504519
35564568.69752982
35273460.85836233
34983680.79836677
34695231.48490834
34408115.83158075
34122336.69789378
33837896.88896745
33554799.15522719
33273046.19210466
32992640.63974024
32713585.08269123
32435882.04964162
32159534.01311826
31884543.38920803
31610912.53728152
31338643.75971843
31067739.30163926
30798201.35063848
30530032.03652453
30263233.43106151
29997807.54771717
29733756.34141334
29471081.70828253
29209785.48542687
28949869.45068375
28691335.32239338
28434184.75917348
28178419.35969626
27924040.6624719
27671050.14563476
27419449.22673662
27169239.26254214
26920421.54883155
26672997.32020605
26426967.74989992
26182333.94959592
25939096.96924748
25697257.79690384
25456817.35854261
25217776.51790465
24980136.07633749
24743896.7726401
24509059.28291709
24275624.22043383
24043592.13548098
23812963.51524108
23583738.78366299
23355918.30133964
23129502.36539372
22904491.20936604
22680885.00311214
22458683.85270211
22237887.80032836
22018496.8242169
21800510.83854597
21583929.69336876
21368753.17454397
21154981.00366991
20942612.83802637
20731648.2705208
20522086.82964152
20313927.97941588
20107171.11937513
19901815.5845249
19697860.64532155
19495305.50765454
19294149.31283549
19094391.13759196
18896029.99406899
18699064.82983486
18503494.52789506
18309317.90671015
18116533.72022213
17925140.65788458
17735137.34470125
17546522.34126894
17359294.14382827
17173451.1843192
16988991.83044419
16805914.38573591
16624217.08963376
16443898.11756353
16264955.58102643
16087387.52769196
15911191.94149889
15736366.74276116
15562909.78828148
15390818.87146976
15220091.72246955
15050726.00828903
14882719.33294016
14716069.23758239
14550773.20067446
14386828.63813092
14224232.90348643
14062983.28806515
13903077.02115761
13744511.27020274
13587283.14097758
13431389.67779174
13276827.86368987
13123594.62065877
12971686.80984239
12821101.23176148
12671834.62654116
12523883.67414331
12377244.99460646
12231915.14829051
12087890.63612938
11945167.89988822
11803743.3224279
11663613.22797505
11524773.88239885
11387221.49349302
11250952.21126515
11115962.12823084
10982247.27971507
10849803.6441584
10718627.14343047
10588713.64314835
10460058.95300166
10332658.82708303
10206508.96422505
10081605.0083424
9957942.548780605
9835517.120669778
9714324.20528505
9594359.230411667
9475617.570717065
9358094.548127314
9241785.432210464
9126685.440564238
9012789.739210617
8900093.442994639
8788591.615989955
8678279.271908594
8569151.374517523
8461202.838058993
8354428.527677898
8248823.259852895
8144381.802834003
8041098.8770845
7938969.155728661
7837987.265004035
7738147.784719381
7639445.248717008
7541874.145340742
7445428.917908146
7350103.965188367
7255893.641884015
7162792.259118695
7070794.084928332
6979893.344758224
6890084.221963658
6801360.858316165
6713717.354513333
6627147.770693962
6541646.126956935
6457206.403885087
6373822.543072877
6291488.447658772
6210197.98286144
6129944.976520557
6050723.219641256
5972526.466943149
5895348.437412747
5819182.814860518
5744023.248481127
5669863.353418235
5596696.711332349
5524516.870973104
5453317.348754588
5383091.629334828
5313833.16619836
5245535.382242702
5178191.67036793
5111795.394069991
5046339.888036936
4981818.45874889
4918224.385080772
4855550.918908677
4793791.285718774
4732938.685219894
4672986.29195853
4613927.255937245
4555754.703235522
4498461.736633911
4442041.436240391
4386486.86012005
4331791.044926768
4277947.00653817
4224947.740692455
4172786.223628284
4121455.412726628
4070948.247155418
4021257.648516017
3972376.521492526
3924297.7545027
3877014.220351577
3830518.776886673
3784804.267655702
3739863.522565867
3695689.358545439
3652274.580206848
3609611.98051198
3567694.341438956
3526514.434650753
3486065.022165397
3446338.857027952
3407328.683983794
3369027.240153718
3331427.255710134
3294521.454555009
3258302.554998845
3222763.270441264
3187896.310052524
3153694.379456534
3120150.181414702
3087256.416511187
3055005.78383892
3023390.98168685
2992404.708227861
2962039.662207921
2932288.543635692
2903144.054473299
2874598.899327493
2846645.786141816
2819277.426889118
2792486.538264965
2766265.842381249
2740608.067460633
2715505.948531121
2690952.228121291
2666939.656955634
2643460.9946504
2620509.010409447
2598076.483720546
2576156.205051559
2554740.976546939
2533823.612724075
2513396.941169761
2493453.803236514
2473987.054738849
2454989.566649262
2436454.225794176
2418373.935549385
2400741.616535401
2383550.207312203
2366792.665073724
2350461.966341705
2334551.107659125
2319053.106282874
2303961.000875961
2289267.852198766
2274966.743799726
2261050.782705035
2247513.100107519
2234346.852054482
2221545.220134629
2209101.412163765
2197008.662869477
2185260.234574462
2173849.417878708
2162769.532340161
2152013.927154124
2141575.981831044
2131449.106872787
2121626.744447242
2112102.369061247
2102869.488231655
2093921.643154598
2085252.409372744
2076855.397440553
2068724.253587375
2060852.66037841
2053234.337373288
2045863.041782365
2038732.569120456
2031836.753858082
2025169.470070001
2018724.632081019
2012496.195108911
2006478.155904444
2000664.55338825
1995049.469284639
1989627.028752021
1984391.401010068
1979336.799963249
1974457.484820872
1969747.760713288
1965201.979304328
1960814.539399703
1956579.887551347
1952492.518657493
1948546.976558426
1944737.8546277
1941059.796358771
1937507.495946823
1934075.698865705
1930759.202439796
1927552.856410686
1924451.56349848
1921450.279957618
1918544.016127025
1915727.836974422
1912996.862634676
1910346.268942007
1907771.28795586
1905267.208480289
1902829.376576705
1900453.196069786
1898134.129046353
1895867.696347068
1893649.478050748
1891475.113951131
1889340.304025836
1887240.80889744
1885172.450286366
1883131.111455432
1881112.737645877
1879113.336504639
1877128.978502651
1875155.797344024
1873189.990365818
1871227.818928268
1869265.608795182
1867299.750504348
1865326.699727688
1863342.977620973
1861345.171162863
1859329.933483017
1857293.984179121
1855234.109622505
1853147.163252228
1851030.065857304
1848879.805846887
1846693.439508204
1844468.091251921
1842200.953844793
1839889.288629317
1837530.425730156
1835121.764247089
1832660.772434297
1830144.987865676
1827572.017585999
1824939.538247647
1822245.296232728
1819487.107760268
1816662.85897833
1813770.506040734
1810808.075168238
1807773.662693866
1804665.435092217
1801481.62899248
1798220.551174962
1794880.578550874
1791460.158125207
1787957.806942416
1784372.11201472
1780701.73023284
1776945.388258917
1773101.882401431
1769170.078471916
1765148.91162328
1761037.386169512
1756834.575386632
1752539.621294667
1748151.734420474
1743670.193541298
1739094.345408782
1734423.604453413
1729657.452469148
1724795.43827809
1719837.177375128
1714782.351552357
1709630.708503166
1704382.061405897
1699036.288486933
1693593.332563186
1688053.200563763
1682415.963030919
1676681.75360002
1670850.768458636
1664923.265784557
1658899.565162841
1652780.046981725
1646565.151807484
1640255.379738151
1633851.289736195
1627353.498940041
1620762.681954617
1614079.570120808
1607304.950764018
1600439.666421762
1593484.614050519
1586440.744211784
1579309.060237558
1572090.61737529
1564786.521912502
1557397.930281143
1549926.04814194
1542372.129448824
1534737.475493738
1527023.433931872
1519231.39778779
1511362.804442383
1503419.134601221
1495401.911244316
1487312.698557762
1479153.100847435
1470924.761435169
1462629.36153768
1454268.61912862
1445844.287784144
1437358.155512332
1428812.04356693
1420207.805245804
1411547.324674528
1402832.515575605
1394065.32002375
1385247.70718778
1376381.672059531
1367469.234170465
1358512.436296317
1349513.343150581
1340474.04006714
1331396.631672895
1322283.24055078
1313136.005893967
1303957.082151742
1294748.637667856
1285512.853311908
1276251.921104518
1266968.042836964
1257663.428686023
1248340.295824681
1239000.867029605
1229647.369285945
1220282.032390428
1210907.087553368
1201524.766000554
1192137.297575659
1182746.909344182
1173355.824199535
1163966.259472395
1154580.425543893
1145200.52446376
1135828.748574105
1126467.279139886
1117118.284986781
1107783.921147591
1098466.327517805
1089167.627521534
1079889.926788473
1070635.311843025
1061405.848806337
1052203.582112358
1043030.53323865
1033888.699453123
1024780.052577374
1015706.537767812
1006670.072315283
997672.5444643373
988715.8122528564
979801.7023731777
970932.0090554354
962108.4929742285
953332.8801793435
944606.8610515993
935932.0892845553
927310.1808931151
918742.7132497514
910231.2241493678
901777.2109034781
893382.1294647225
885047.3935823635
876774.3739897297
868564.3976242387
860418.7468809295
852338.6589001069
844325.3248899657
836379.8894847735
828503.4501394376
820697.0565609849
812961.7101777366
805298.363646639
797707.9203995263
790191.2342286615
782749.1089123166
775382.2978806983
768091.5039228419
760877.3789348094
753740.5237097176
746681.4877698108
739700.7692411316
732798.8147708892
725976.0194879721
719232.7270066957
712569.2294741274
705985.7676609973
699482.531096475
693059.6582467203
686717.236737425
680455.3036201942
674273.8456828331
668172.7998033587
662152.0533477198
656211.4446109135
650350.7633014321
644569.7510686391
638868.1020728711
633245.4635978353
627701.4367049924
622235.5769293724
616847.3950164303
611536.3576993374
606301.8885161798
601143.3686663702
596060.1379056617
591051.4954789946
586116.7010904412
581254.975909385
576465.5036121513
571747.431458081
567099.8713992122
562521.9012224529
558012.5657233276
553570.8779100836
549195.8202371711
544886.3458667803
540641.3799573829
536459.8209778628
532340.5420460997
528282.3922905474
524284.1982335498
520344.765194892
516462.8787142372
512637.3059909003
508866.7973395209
505150.0876600365
501485.89792045
497872.936650734
494309.901446316
490795.4804794354
487328.3540167553
483907.1959414957
480530.6752784111
477197.4577198466
473906.2071511736
470655.5871737862
467444.2626239572
464270.9010856997
461134.174395911
458032.7601399511
454965.3431359081
451930.6169056951
448927.2851312463
445954.0630939563
443009.6790956362
440092.8758591461
437202.4119070008
434337.0629161379
431495.6230471563
428676.9062462705
425879.7475183224
423103.0041691316
420345.5570155796
417606.3115617718
414884.1991397383
412178.1780130567
409487.23444195
406810.3837083208
404146.6710993394
401495.1728481493
398854.9970303864
396225.2844151744
393605.2092694056
390993.9801140528
388390.8404314438
385795.0693223767
383205.9821120834
380622.9309040841
378045.3050810507
375472.531751856
372904.0761440617
370339.441941168
367778.1715640084
365219.8463957792
362664.086950226
360110.552982625
357558.9435432583
355008.9969731585
352460.4908419971
349913.2418280612
347367.1055403422
344821.9762828671
342277.7867614597
339734.5077332367
337192.1475991933
334650.7519403603
332110.4029980738
329571.2190989974
327033.3540256133
324496.9963330157
321962.3686128824
319429.7267056358
316899.3588618382
314371.5848540037
311846.7550400626
309325.2493797904
306807.4764056299
304293.8721493789
301784.8990263238
299281.0446784454
296782.8207784444
294290.761796354
291805.4237306249
289327.3828056025
286857.2341374143
284395.5903703105
281943.0802856109
279500.3473854157
277068.0484533461
274646.8520945819
272237.4372575601
269840.4917397014
267456.7106796086
265086.7950381855
262731.4500711926
260391.383795759
258067.3054534091
255759.9239721833
253469.9464304467
251198.0765249972
248945.0130460854
246711.4483619733
244498.0669156567
242305.543736356
240134.542968399
237985.7164200755
235859.7021350501
233757.1229888702
231678.5853131054
229624.6775495982
227595.9689372768
225593.008233941
223616.3224753814
221666.4157741298
219743.7681601043
217848.834465325
215982.0432548295
214143.795805833
212334.4651371097
210554.395090491
208803.899466291
207083.2612143762
205392.7316825194
203732.5299235608
202102.8420628163
200503.8207270621
198935.5845363144
197398.2176595248
195891.7694351813
194416.2540577061
192971.6503304082
191557.9014856376
190174.9150726584
188822.5629136308
187500.6811279765
186209.0702252553
184947.4952665574
183715.6860942995
182513.3376301517
181340.110240712
180195.6301704058
179079.4900409471
177991.2494165816
176930.4354341776
175896.5434971246
174889.0380318427
173907.3533056013
172950.8943042013
172019.037667956
171111.1326842871
170226.5023351249
169364.4443971843
168524.2325930839
167705.1177911545
166906.3292516765
166127.0759171897
165366.5477444131
164623.9170752247
163898.340044051
163188.9580189443
162494.899073537
161815.2794869911
161149.2052689922
160495.7737067819
159854.0749311487
159223.1934982685
158602.2099842302
157990.2025890416
157386.2487468945
156789.4267394295
156198.8173087331
155613.5052667886
155032.5810981023
154455.1425522203
153880.2962228846
153307.1591105726
152734.8601652112
152162.5418058781
151589.3614143485
151014.4927993982
150437.1276288219
149856.4768261955
149271.7719294772
148682.2664086226
148087.2369394682
147485.9846312333
146877.8362050818
146262.1451212925
145638.2926526956
145005.6889021409
144363.7737618975
143712.0178129957
143049.9231626604
142377.0242181238
141692.888395234
140997.1167604343
140289.3446048245
139569.2419491702
138836.5139788864
138090.9014081689
137332.1807726104
136560.1646498057
135774.7018076014
134975.6772798183
134163.0123694363
133336.6645793959
132496.6274713349
131642.9304527444
130775.6384931897
129894.8517704037
129000.7052472202
128093.3681804708
127173.0435631257
126239.9675011068
125294.4085263524
124336.6668478575
123367.0735425444
122385.9896879667
121393.8054389688
120390.9390505493
119377.8358492968
118354.9671558778
117322.8291611606
116281.9417586581
115232.8473360638
114176.1095287427
113112.311938107
112042.0568178844
110965.9637313432
109884.6681825889
108798.8202250951
107709.0830506656
106616.1315620501
105520.6509324565
104423.3351552124
103324.8855868288
102226.00948671
101127.4185567427
100029.8274839642
98933.95248948515
97840.50988679672
96750.21465253775
95663.77901275044
94581.91104757581
93505.313317277
92434.68151238824
91370.70313071103
90314.05618377353
89265.40793527396
88225.41367392577
87194.71552300034
86173.94128875427
85163.70334979823
84164.59758934539
83177.20237213801
82202.07756772143
81239.76362159589
80290.78067563326
79355.62773900948
78434.7819107526
77528.69765486472
76637.80612883135
75762.51456618241
74903.20571362472
74060.23732312462
73233.94169916971
72424.62530130304
71632.56840188144
70858.02479887272
70101.22158337657
69362.35896141978
68641.61012945962
67939.12120289762
67255.01119680106
66589.37205791156
65942.26874692026
65313.73936988768
64703.79535759456
64112.42169152434
63539.57717509787
62985.19474870945
62449.18184704481
61931.42079710981
61431.76925533786
60950.06068210929
60486.10485197507
60039.68839784587
59610.57538739255
59198.50792987956
58803.2068116545
58424.372158509
58061.68412313442
57714.80359590907
57383.37293726965
57067.0167299438
56765.34254935355
56477.94175052916
56204.39026991789
55944.24944051154
55697.06681876865
55462.37702185767
55239.70257379918
55028.55475914946
54828.43448292011
54638.83313549436
54459.23346136004
54289.11043054581
54127.93211170485
53975.16054585942
53830.25261987332
53692.6609387886
53561.83469621286
53437.22054200515
53318.26344655643
53204.40756101657
53095.09707285888
52989.77705621973
52887.89431648604
52788.89822863677
52692.24156887137
52597.38133908042
52503.77958372951
52410.90419874013
52318.22973195268
52225.23817475996
52131.41974448755
52036.27365708856
51939.30888969894
51840.04493257387
51738.01252989936
51632.75440893047
51523.82599687376
51410.7961248797
51293.24771846473
51170.77847362374
51043.00151784071
50909.54605513821
50770.05799424829
50624.20055891744
50471.65487929334
50312.120563271
50145.31624661288
49970.98012058357
49788.87043578102
49598.76598077817
49400.46653413119
49193.79328825251
48978.58924359635
48754.71957155646
48522.07194443846
48280.55683083126
48030.107754681
47770.68151635218
47502.25837395093
47224.84218319062
46938.46049408999
46643.16460281859
46339.02955703757
46026.15411313494
45704.66064380808
45374.69499452516
45036.4262874773
44690.04667173458
44335.77101843319
43973.83655994008
43604.5024720908
43228.04939873781
42844.77891801984
42455.0129499382
42059.09310501473
41657.37997401163
41250.25235890466
40838.10644552344
40421.35491851107
40000.42601948985
39575.76254957636
39147.82081764158
38717.06953597274
38283.98866526351
37849.06821112253
37412.80697456362
36975.71125921
36538.29353821297
36101.07108414949
35664.56456542647
35229.29661296949
34795.79036122183
34364.5679677158
33936.14911570066
33511.04950452307
33089.77933265579
32672.84177844294
32260.73148379978
31853.93304623949
31452.91952472654
31058.15096494876
30670.07294967944
30289.11517994512
29915.69009274219
29550.1915210371
29192.99340175388
28844.4485373918
28504.88741682471
28174.61710071038
27853.92017679139
27543.05379018316
27242.24875353633
26951.70874171831
26671.60957538596
26402.09859752466
26143.29414669835
25895.28513040149
25658.13070152301
25431.86004052651
25216.47224552451
25011.93633197394
24818.19134325311
24635.14657289512
24462.68189875398
24300.64822886585
24148.86805824867
24007.13613535451
23875.22023635554
23752.8620449117
23639.7781345374
23535.66105015585
23440.18048491241
23352.98454780979
23273.70111723592
23201.93927497854
23137.29081486608
23079.33181974367
23027.62430008753
22981.71788718814
22941.15157348762
22905.4554923524
22874.15272929085
22846.7611563968
22822.79528161176
22801.76810425675
22783.19296818418
22766.58540385218
22751.46495061942
22737.3569506061
22723.79430556162
22710.31918832761
22696.48470067818
22681.85646956727
22666.01417410473
22648.55299592638
22629.08498600914
22607.24034141727
22582.66858593847
22555.03964908479
22524.04483848654
22489.39770129224
22450.83477080835
22408.11619525608
22361.02624619375
22309.37370484148
22252.99212525087
22191.73997397698
22125.50064663421
22054.1823624407
21977.71793857815
21896.06444690705
21809.20275627884
21717.13696436946
21619.89372361975
21517.52146650225
21410.08953593564
21297.6872272338
21180.42274850167
21058.42210687019
20931.82792839541
20800.79821982558
20665.50508076543
20526.13337503438
20382.87937021986
20235.94935457297
20085.55824047097
19931.92816368788
19775.28708766174
19615.86742182941
19453.90466291738
19289.63606782833
19123.29936645143
18955.13152235096
18785.36754885523
18614.23938757736
18441.97485585844
18268.79666903008
18094.92154275681
17920.55938004171
17745.91254676384
17571.17523887455
17396.53294361121
17222.16199630039
17048.22923352589
16874.89174263148
16702.29670672486
16530.58134355568
16359.8729358547
16190.28894996356
16021.93723884727
15854.91632488232
15689.31575715149
15525.21653736034
15362.69160792597
15201.80639528074
15042.61940098559
14885.18283286719
14729.54326808004
14575.74233975615
14423.81743874026
14273.8024218226
14125.72831787282
13979.62402335196
13835.5169788299
13693.43381836732
13553.40098392881
13415.44529737843
13279.59448306533
13145.87763453223
13014.32561947136
12884.97141770289
12757.8503876562
12633.00045758918
12510.46223857717
12390.27905713422
12272.49690618858
12157.16431401362
12044.33213160513
11934.05323989035
11826.38217904231
11721.3747030487
11619.08726353576
11519.5764276715
11422.89823575355
11329.10750482487
11238.25708534025
11150.39707852673
11065.57402263208
10983.83005673024
10905.20207114952
10829.72085389805
10757.4102426832
10688.28629224856
10622.35646678629
10559.6188671186
10500.06150218177
10443.66161408862
10390.38506569274
10340.18579913108
10293.00537328637
10248.77258748742
10207.40319806427
10168.79973359548
10132.85141384078
10099.4341764445
10068.41081453656
10039.63122735511
10012.93278497811
9988.140807188756
9965.069155425273
9943.520935684366
9923.28930917568
9904.158406468334
9885.904339843006
9868.296307573455
9851.097782919924
9834.067779734074
9816.962185759083
9799.535153968598
9781.540541631999
9762.73338622805
9742.871406861477
9721.716519469781
9699.036353850124
9674.605760385408
9648.208294312188
9619.637665447632
9588.699141481038
9555.210893234673
9519.005270705506
9479.9299992123
9437.849285584887
9392.644825037974
9344.216700165618
9292.484164365385
9237.386302942989
9178.882566153528
9116.953169489258
9051.599357619612
8982.843529513146
8910.729223412947
8835.320961485804
8756.703955108036
8674.983672877454
8590.285274539321
8502.752915073681
8412.548924202532
8319.85286752721
8224.860496390756
8127.782594369173
8028.843729021663
7928.280918167246
7826.342220498702
7723.285260791608
7619.375700311182
7514.885663265502
7410.092130295936
7305.275310038325
7200.716999733456
7096.698945714887
6993.501214362411
6891.400583784958
6790.668966094663
6691.57186966149
6594.366910202914
6499.30237897488
6406.615875698396
6316.533013187712
6229.266199954682
6145.013506354931
6063.957619127955
5986.264888471975
5912.08447109593
5841.547572011028
5774.766787174446
5711.83554847937
5652.827672008359
5597.797009934612
5546.777205969902
5499.781553823675
5456.802957753845
5417.813993958041
5382.767071271408
5351.59468940262
5324.209792748356
5300.506217675275
5280.359231039748
5263.626157624826
5250.147094102646
5239.745707071424
5232.230112661435
5227.393835145306
5225.016841916847
5224.866652110127
5226.699516010745
5230.261662255359
5235.290609618239
5241.516539938708
5248.663728447582
5256.452027400223
5264.598398517174
5272.818489271344
5280.828247544145
5288.345568605523
5295.091967760013
5300.794271349157
5305.186318118579
5308.010662256413
5309.020268699765
5307.980190601558
5304.669218164559
5298.881487400503
5290.428036773114
5279.138299154974
5264.861516083328
5247.468060958988
5226.850657609906
5202.925480555027
5175.633123366935
5144.939421760384
5110.836118436352
5073.341357301274
5032.49999546255
4988.383722381638
4941.090976746241
4890.746653000566
4837.501591046378
4781.531844385597
4723.037723909761
4662.242616635759
4599.391580923798
4534.749722070263
4468.600354621119
4401.24296027223
4332.990952781259
4264.16926387988
4195.111766708683
4126.158555765723
4057.653104725395
3989.939325709555
3923.358555640853
3858.246497141656
3794.930143025804
3733.724714731485
3674.930646030331
3618.830643993344
3565.68685947429
3515.738199265738
3469.197811577579
3426.250775572158
3387.052024360982
3351.7245291253
3320.357769876104
3293.006515830964
3269.68993547592
3250.391053127024
3235.056565239251
3223.597025869583
3215.887406627355
3211.768032188194
3211.045888059173
3213.496292817893
3218.864922566167
3226.870170900079
3237.20582336426
3249.544021191336
3263.538485188679
3278.827966984104
3295.039891536113
3311.794151906774
3328.707014834804
3345.395093676564
3361.47934384051
3376.589034956687
3390.365653719799
3402.466691636495
3412.569272801838
3420.373578322457
3425.606026084381
3428.022167210528
3427.409263737595
3423.58851572666
3416.41691016059
3405.788668521074
3391.63627481911
3373.931071009497
3352.683412081162
3327.942378607876
3299.79505008998
3268.365347939046
3233.812462376176
3196.328882751727
3156.138055776162
3113.491700805487
3068.666815584425
3021.96240965439
2973.696005927896
2924.199953669895
2873.817598271803
2822.899354727613
2771.798732604545
2720.868360534914
2670.456057841914
2620.900999862934
2572.530021869663
2525.654104236473
2480.565078717363
2437.53259240399
2396.801362208926
2358.588748610422
2323.08267297328
2290.439898096285
2260.784686800892
2234.207848444532
2210.766178286697
2190.482289730447
2173.344834675539
2159.309102616918
2148.297984765846
2140.203285413688
2134.887359049493
2132.18504842131
2131.905895830764
2133.836597494221
2137.743668807977
2143.376286825599
2150.46927519258
2158.746196177296
2167.922514271864
2177.708796089538
2187.813911927987
2197.94820536772
2207.826598595031
2217.171602740158
2225.716204363354
2233.206601262832
2239.4047629796
2244.090793695316
2247.065077625655
2248.150189469833
2247.192554958311
2244.063849021624
2238.662121563332
2230.912643245741
2220.768466077214
2208.210695920575
2193.248476320506
2175.918685277872
2156.285348783849
2134.438777074852
2110.494431687659
2084.591533490607
2056.891423948788
2027.575693952489
1996.844096601605
1964.91226239136
1932.009237280648
1898.374866131087
1864.257045965959
1829.908875390053
1795.58572830564
1761.542281722847
1728.029528954751
1695.291810767567
1663.563898076831
1633.068160495424
1604.011855400197
1576.584572144398
1550.955865559788
1527.273111925435
1505.659619098582
1486.213020480564
1469.00397991406
1454.075231472774
1441.44097441998
1431.086639400257
1422.969037225428
1417.016896471664
1413.131790584395
1411.189449369637
1411.041443725514
1412.517226338672
1415.426504949303
1419.561918795
1424.701983102703
1430.614261136462
1437.058718452621
1443.791209786252
1450.567045507574
1457.144581949816
1463.288778211688
1468.774661352098
1473.390642278022
1476.94162611142
1479.251863418281
1480.16749237732
1479.558726717675
1477.321649997627
1473.379583439426
1467.684001963333
1460.21498114029
1450.9811663505
1440.019264322488
1427.39306624814
1413.192020630896
1397.529382729076
1380.539975708097
1362.377606224226
1343.212183948884
1323.226600343133
1302.613426663968
1281.571494608184
1260.302425085859
1239.007171303739
1217.882641602851
1197.118465342013
1176.893961592818
1157.375365588448
1138.713361859533
1121.040965933963
1104.471788543334
1089.09870765599
1074.992964554784
1062.203690818461
1050.757863677233
1040.660678025515
1031.896314611875
1024.429075800301
1018.204853003359
1013.152883598359
1009.187749996942
1006.211569658801
1004.116322299175
1002.786259377462
1002.100341172976
1001.934648317302
1002.164717487963
1002.667754967439
1003.324686796322
1004.022010133932
1004.653416996821
1005.121168572596
1005.337205590946
1005.223987561148
1004.715060844528
1003.755362321388
1002.301271651259
1000.320430652059
997.7913530039618
994.702851214842
991.0533104972737
986.8498408688801
982.107339400878
976.8474941416794
971.0977599035897
964.8903339213771
958.2611564968134
951.2489582791828
943.8943719576484
936.2391220254393
928.3253020869317
920.1947450812301
911.8884879422253
903.4463287409067
894.9064713744169
886.305250464738
877.67692736653
869.0535470850342
860.4648454673871
851.9381962195012
843.498588053237
835.1686234975959
826.9685325058178
818.916195835021
811.0271751356986
803.3147486316085
795.7899530675813
788.4616341353045
781.3365087539768
774.4192433042049
767.7125521365182
761.2173203761668
754.9327542302613
748.8565607097335
742.9851569744461
737.3139074897623
731.8373849640167
726.5496487532145
721.4445322169236
716.5159285364147
711.7580629070663
707.1657379241415
702.7345385073642
698.460982941572
694.3426076026449
690.3779747073072
686.5665949502985
682.9087601097681
679.4052845086202
676.0571584754853
672.8651214812808
669.8291672366759
666.9479975053994
664.2184454923752
661.6348931802562
659.1887097013747
656.8677395559129
654.6558700661284
652.5327067780923
650.473383524106
648.4485305346312
646.4244193910548
644.3632978537339
642.2239208558647
639.962276449003
637.532497494326
634.887941725083
631.9824147962996
628.7715034350405
625.2139791527676
621.2732275064952
616.9186538897777
612.1270145419462
606.8836210676603
601.1833683697787
595.0315395481856
588.4443469523113
581.4491760564662
574.0845079322861
566.3995065222917
558.453268306162
550.3137438770691
542.0563529518748
533.7623259498883
525.5168160153484
517.4068347750267
509.5190728031516
501.9376713605105
494.7420152103842
488.0046170102107
481.7891618552611
476.1487760382111
471.1245771239284
466.744553265029
463.0228086404367
459.9591994093395
457.5393711257923
455.7351946896783
454.505584175062
453.7976668323822
453.5482637346279
453.685629406926
454.1313907479046
454.8026199323941
455.613972983933
456.4798254116906
457.3163386877814
458.043396246549
458.586354853127
458.8775662511739
458.8576345131206
458.4763859745061
457.6935404953304
456.4790845054041
454.8133573256443
452.686872126465
450.0999011703248
447.0618613606375
443.5905403619768
439.7112055616033
435.4556379250974
430.8611304930414
425.9694871146335
420.8260513563065
415.4787887723661
409.9774383448394
404.3727413794352
398.7157489673946
393.057202739781
387.4469784425723
381.9335781563544
376.5636549808613
371.3815537960043
366.4288532715211
361.7438974833103
357.3613100520891
353.3114893013716
349.6200891155719
346.3074964969988
343.3883227866148
340.8709306548977
338.7570228573222
337.0413210277282
335.7113631932768
334.7474470941551
334.1227427652239
333.8035923037775
333.7500075542444
333.9163679504853
334.2523114290266
334.7038016921707
335.2143457266484
335.7263269432342
336.1824121349306
336.5269851279138
336.7075568937186
336.6761012513207
336.3902672187378
335.8144235266065
334.9204975780806
333.6885798829582
332.1072752360658
330.1737930795691
327.8937809512474
325.2809160170232
322.3562797750154
319.1475495183129
315.6880465708575
312.0156853126085
308.1718683899597
304.2003722397519
300.146263289695
296.0548792513296
291.9709022579832
287.9375418014307
283.9958361474464
280.184071855772
276.5373128723302
273.0870240142307
269.8607690344025
266.8819611861559
264.1696444830682
261.738286643732
259.5975698007099
257.7521720244581
256.2015409860378
254.9396699489715
253.9548949524169
253.2297397136177
252.7408406623967
252.4589879469846
252.3493186940079
252.3716959417965
252.4813004060832
252.6294527459153
252.7646716969736
252.8339589909781
252.7842862504496
252.564243058885
252.1257902684186
251.4260494470701
250.4290492496207
249.1073433431152
247.4434130405605
245.4307714325425
243.0746946778294
240.3925200021888
237.4134682999581
234.1779711571282
230.7365064658778
227.1479722191105
223.4776530745811
219.7948573453072
216.1703217571715
212.6734963324787
209.3698310802236
206.318189099478
203.5685069132236
201.1598124392861
199.1186944787312
197.4582958523955
196.1778765681886
195.2629651362686
194.6860870073171
194.4080307850548
194.379586993051
194.543672225952
194.8377346908884
195.1963263082991
195.5537221594638
195.8464701860784
196.0157622948682
196.0095316458835
195.7841988367697
195.3060106328742
194.5519373975094
193.5101179862238
192.1798622050948
190.5712397991331
188.7043003996547
186.6079803067871
184.3187591541971
181.8791324871328
179.3359654918096
176.7387892166774
174.1380944812095
171.5836712234982
169.1230332346817
166.7999609037568
164.6531884030047
162.7152570868172
161.0115538766577
159.559551895208
158.3682701637739
157.437969151744
156.7600986001723
156.3175125367182
156.08496303145
156.0298784608503
156.1134235594483
156.2918273785947
156.5179518316421
156.7430585314744
156.91871618152
156.9987761640648
156.9413316079215
156.7105665380173
156.2783979960988
155.625816276276
154.7438372373511
153.6339961307531
152.3083340568089
150.7888550068692
149.106461916717
147.2994122720398
145.4113653045281
143.4891213165378
141.5801768714155
139.7302354622564
137.9808202657342
136.3671327623975
134.9162881538197
133.646036206168
132.5640457437871
131.6677945378655
130.9450663612126
130.3750164363371
129.9297284319845
129.5761534706537
129.2782968243784
128.9995030274578
128.7046861813904
128.3623595481787
127.9463364897856
127.4370019135002
126.82208738135
126.0969211393622
125.2641634102527
124.3330742205305
123.3183928833548
122.2389326034887
121.1160087798669
119.9718245667225
118.8279321361652
117.7038737723204
116.6160851132771
115.5771158436749
114.5951936036536
113.6741276032918
112.8135220352665
112.0092480667276
111.2541085489094
110.5386224382815
109.8518562931839
109.1822373324549
108.5182949899769
107.8492937630301
107.1657372773981
106.4597397322981
105.7252743575953
104.9583178050265
104.1569137282112
103.3211781193273
102.4532639036453
101.5572940950056
100.6392631702928
99.70689712059867
98.76945572139397
97.83745746571076
96.92230932378052
96.03583033819736
95.18966957570278
94.39463392807407
93.65995785086572
92.99256309531269
92.39636942385917
91.87172496263076
91.41502546031786
91.01858425012665
90.67079903018836
90.35663857876996
90.05844407319921
89.75700847998593
89.43286678357254
89.06770309090608
88.64576117472049
88.15513550684791
87.58882205961646
86.94542270073264
86.22942312728158
85.45099991126769
84.62535414234844
83.77161328589288
82.91138473023499
82.06707963719109
81.26015025222748
80.50939490377691
79.82948101955981
79.22981768153247
78.71387721131853
78.27902316780585
77.91685423178815
77.61402471322839
77.35345794041673
77.11583322974356
76.88120416809839
76.63059784549887
76.34745206702328
76.01876932843061
75.63589973639776
75.19490609643397
74.69650829197184
74.14564583624357
73.55073248367205
72.9227013725431
72.27395104549016
71.61730120295265
70.9650532132674
70.32822676989716
69.71601433753423
69.1354634847302
68.59136822231149
68.08632786122057
67.62091840901819
67.19391844701539
66.80253848171192
66.44261812775545
66.10877609365087
65.79451996712388
65.49234220236437
65.19384189065137
64.88991623498158
64.5710599530646
64.22779554838696
63.85123458597451
63.43374321538538
62.96965850257902
62.45598021464968
61.89294964948842
61.28442591691405
60.63798214036959
59.96466882450807
59.27842664858908
58.59517204525396
57.93162080051694
57.30395181693715
56.72643974535593
56.21019720565888
55.76216240036389
55.38444593196905
55.0741137678806
54.82343587557587
54.62057797126594
54.45066377180221
54.29709365948071
54.14297824413541
53.97253555363092
53.77230971118519
53.5320955624917
53.24549395821955
52.91007054173261
52.52714013193998
52.10124225010994
51.63940508985562
51.15031118109984
50.64347651398325
50.12853702560833
49.61470569137626
49.11042553433411
48.62320526594335
48.15959159437964
47.72521099628477
47.32480746129947
46.96221229929704
46.64020567292557
46.36026269322758
46.12221349069122
45.92387965544422
45.76077223234404
45.6259440155745
45.51007865282683
45.40187150818317
45.28871589082695
45.15765929008624
44.99654550688108
44.79521831508525
44.54663786681578
44.24775761161652
43.90002901159507
43.50944216104306
43.08606741420448
42.64312834115275
42.19570020822627
41.75918103362503
41.34771585261917
40.97276368949202
40.64197915748365
40.35853895282666
40.12098388898853
39.92357845661544
39.75712250488114
39.61009355300208
39.46996157741983
39.32450577227569
39.16297563622248
38.97697358872968
38.76098646916056
38.51254975215043
38.23208147846478
37.92246413809826
37.5884759748929
37.23617589881091
36.87232981280177
36.50393566294351
36.13786739391053
35.78062271986993
35.43813396685989
35.11559067602563
34.81722922713383
34.54606662883099
34.30358746939461
34.08942700176926
33.90112075902402
33.73400425014889
33.58134015343327
33.43472391255898
33.28477506103402
33.12206826765583
32.93820507783703
32.72688556434953
32.48481824092782
32.2123129431975
31.91343642740383
31.5956702162284
31.26908574445424
30.94513054085686
30.63518705372919
30.34911001536579
30.09395986082903
29.87312515576944
29.68596920301484
29.52805410462201
29.39190333403105
29.26817732410628
29.14707099045193
29.01970918478355
28.87932166453937
28.72202210421934
28.54708792605415
28.35672587465046
28.15539604508291
27.94883851560203
27.74298920503333
27.54297821187249
27.35237487968991
27.1727862546524
27.00384190661132
26.84352348106436
26.68873664125547
26.53598761531148
26.38202202995452
26.22430897642628
26.06130086471869
25.892457585234
25.71807804949135
25.53902093021517
25.35641114659557
25.17141713064484
24.98515039944944
24.79869305543495
24.61321317869093
24.43009522703979
24.25100188634915
24.07779906480185
23.91231392575037
23.7559478135094
23.60921829471706
23.47134297357864
23.33999047055405
23.21130488665977
23.08026067669491
22.94133429697298
22.78940243554977
22.62071195440827
22.43373035913017
22.2296887312162
22.01267429298942
21.78921026025242
21.56736098291296
21.35549973003427
21.16095303082051
20.98877139385152
20.84086185739121
20.71565426799257
20.60837241931677
20.51186372418587
20.41783161899074
20.31823679623577
20.20660342883646
20.07899111753204
19.93446667837714
19.77501561626424
19.60494767307188
19.4299490193464
19.25599446968072
19.08834454250573
18.93081394401046
18.78542138647199
18.6524354511196
18.53074101562808
18.41838692344378
18.3131519776528
18.21298616367048
18.11623915143483
18.02166163046601
17.92823571608
17.83493889388395
17.74055893424963
17.64365236136878
17.54268474382327
17.43632414017239
17.32380008662722
17.2052080255923
17.08164400291945
16.95509689122827
16.82809418564537
16.70317305993465
16.58230835534322
16.46645442600879
16.35533836654973
16.24758069358221
16.14113106979877
16.03391496012607
15.92451844898151
15.81271414740344
15.6996612050313
15.58769214724874
15.47970952008696
15.37832734152851
15.28497511020559
15.19921090784763
15.1184537462302
15.03824981651833
14.95305517651998
14.85738211721302
14.74705373640556
14.6202695190145
14.47821708477872
14.32506552510545
14.16731961729718
14.01266546361854
13.86855819627858
13.74086077581456
13.6328253316288
13.54462080174594
13.47347705127678
13.41437194437661
13.36107128046484
13.30727052390264
13.24759380607733
13.17827243295786
13.09742836954
13.00499542470228
12.90239096663775
12.79208350958477
12.67718252865484
12.56111952633471
12.44741888966566
12.33950182708594
12.24044836335612
12.15266839114021
12.07749338682965
12.01477177247827
11.96260320839653
11.91735501478029
11.87405616913227
11.82716889163795
11.77162086179139
11.70387951632982
11.62279972050597
11.53000039582727
11.42962563742891
11.32749865941226
11.22984121875714
11.14185891611666
11.06654385517277
11.00400141114993
10.95147611211377
10.90406812140034
10.85594834634891
10.80174976440539
10.73777306298438
10.66270710168833
10.57770942229741
10.4858748352523
10.39128594834357
10.29793975041651
10.20885201031993
10.12555904868383
10.04809531360981
9.97537345812119
9.905780614119882
9.837764214064872
9.770220644858032
9.70259985876012
9.634758536441874
9.566688261006405
9.498279710988617
9.429249046794856
9.359265358556456
9.288215451916985
9.216467491028201
9.144980404056977
9.075160103090822
9.008467347960648
8.945895180626074
8.887509808096436
8.83225305309402
8.778128643772289
8.722761350098162
8.664174157637168
8.601528802091398
8.535560801907772
8.468523884302678
8.403616743955272
8.344044587445982
8.292005012497841
8.247930634762568
8.210249504397849
8.175759334654966
8.140508124762839
8.100902760053135
8.054689653505664
8.001496092534842
7.942772740632893
7.881182962204776
7.819669992121532
7.760532476787607
7.704818351016254
7.652216654955859
7.601437502551271
7.550893867133299
7.49940068817076
7.446621242382268
7.393107886368192
7.339954689282923
7.28823409567354
7.238467670459323
7.190353633429126
7.14285616079215
7.094604908795747
7.0444244518601
6.991765927015648
6.93686531462504
6.880579662480177
6.82399713296302
6.768014428749536
6.713082071633535
6.65923074571116
6.606349808585375
6.55455766479621
6.504445951894067
6.457027072851006
6.413351928347597
6.373933414179358
6.338234189420084
6.304492150916246
6.270045760720278
6.232121012412837
6.188832426775383
6.140022833350681
6.087583548424003
6.035063593429742
5.986636460987759
5.945745928017317
5.91389620187647
5.89002381498506
5.870693848213596
5.851073002440033
5.826357408849504
5.793178675813208
5.750533842264882
5.69996918123489
5.645016446439636
5.590126164965132
5.539475087155744
5.496006122839121
5.460916668633463
5.433621208086542
5.412063046449394
5.393194633964714
5.373488631687638
5.349434526967526
5.318048215582366
5.277422162593238
5.227266744577883
5.169286620208471
5.107175174234599
5.046057696918682
4.99138108002905
4.947479700499548
4.916242194234245
4.896359073224565
4.883494010442831
4.871422151791303
4.853825055403806
4.826167463477427
4.787022781566536
4.738397282678582
4.684961762644654
4.632491726101851
4.586085786448214
4.548772637729712
4.520923854835221
4.500555806448749
4.48427632803942
4.468443904556608
4.450119350846597
4.427567429528465
4.400302513731967
4.368848525882379
4.334426025354243
4.298695305715757
4.263549476025442
4.230862941994511
4.202119397371641
4.177958154482817
4.157811159576997
4.139857516529839
4.12143907335602
4.099880257217562
4.073434241996302
4.041959490126955
4.00699839697268
3.971173284198009
3.937127756568993
3.906469252718247
3.87918867968231
3.853821665788495
3.828267608441462
3.800866820246928
3.77121220431658
3.740306080781455
3.710000458986476
3.682015579863529
3.657036360429588
3.634336867192618
3.612108271336264
3.588310961928127
3.561620153834943
3.532010947357604
3.500734255362269
3.469749851197776
3.440935961474192
3.415458934548465
3.39354583401706
3.374656142965158
3.357846765086375
3.342079014288271
3.326335556978596
3.309603496065767
3.290900769373394
3.269488991948699
3.245246143293878
3.218984391353344
3.19243348883102
3.167740539196665
3.14660955640871
3.129462706343838
3.11507956381375
3.100984764589749
3.08448312434331
3.063880292463774
3.039285370945629
3.012568675077177
2.986465950407038
2.963261380396251
2.943705015305266
2.92670012989024
2.909895829977178
2.890858305126919
2.868219747172964
2.842255767903795
2.814672634212376
2.787795781567855
2.763612610983898
2.743112172767996
2.726127740750827
2.711597669317132
2.697995487389714
2.683714601873942
2.667354054132069
2.647985498809434
2.6254703159287
2.600748286484024
2.575867859231658
2.553531604541206
2.536149113535822
2.524720725801387
2.518103374464835
2.513144896467573
2.505790928750305
2.492751688309162
2.472960500367963
2.448092311658149
2.421851458673863
2.398355421147098
2.380393555431907
2.368375502065982
2.360393939620726
2.353246412366969
2.34382307041
2.330195276015164
2.312022227657413
2.290309675205453
2.266839047639758
2.243599406632792
2.222366012891336
2.204376106337878
2.190020783842992
2.178607047365264
2.16839296083503
2.157079839782891
2.142707438242407
2.124582817672905
2.10372484243147
2.08248621806656
2.063462556707753
2.048243135974182
2.036696160718467
2.027190473898499
2.017599415563536
2.006464841122154
1.993627827644567
1.980003964621239
1.966743210305254
1.954388032521315
1.942586220014286
1.930487335046008
1.917469558771948
1.903645775516554
1.889804114540705
1.876871964952306
1.865322444433471
1.854935190196694
1.845014115516876
1.834816584983479
1.823837223109764
1.811784425899576
1.798401522723128
1.783434082817301
1.766890637731551
1.749414252959389
1.732373486399069
1.717410284996194
1.705590658160143
1.696681038022217
1.689094918723806
1.6806520199116
1.669732706995958
1.656108537051564
1.640929064776108
1.625916958610784
1.612352475917868
1.600525998701584
1.589943023276294
1.57999434469125
1.570497059212528
1.561690260717752
1.553763058749343
1.546387082699815
1.538703211696105
1.529809054081936
1.519360626929085
1.507804133223254
1.496063916253793
1.484954921620643
1.474782159313126
1.465381876383034
1.456452400659453
1.447791651686548
1.439210453245289
1.430274246234645
1.420262848187717
1.408572442197354
1.395333916757947
1.381698026959507
1.369383709594691
1.359647518468693
1.352365268665881
1.345947780545578
1.33825480271872
1.327931934960629
1.315258772166594
1.301940434774603
1.29003301147451
1.280773666237014
1.274059995219661
1.268769333971327
1.263516152244936
1.257274860699455
1.24959344483138
1.240531425667222
1.230580626492355
1.220616299730251
1.211688472020845
1.204526918296783
1.198982035000749
1.193886289934093
1.187639468632607
1.17924978056954
1.16908385978326
1.158679210692426
1.149662521722814
1.142555703575079
1.136394369466883
1.12946635453027
1.120594432387909
1.109974977945926
1.098977337130984
1.0891481157639
1.081231364378785
1.074876220280362
1.069068816831131
1.062802722974635
1.055504319832527
1.047119085784639
1.038064364088576
1.029175899281161
1.021510490119827
1.015837231877151
1.011994423548612
1.008654706623192
1.003932265958673
0.996616335222885
0.9871598511537937
0.9775614771654575
0.9700768695883047
0.9656534662001178
0.9632568979254664
0.9605741906923996
0.9555180726399278
0.9474208833833268
0.9371918825824397
0.926578894564647
0.9172268756869661
0.9100855465524695
0.9052214710166627
0.9018320698857133
0.89842472759535
0.8933354815515321
0.8855886665064937
0.8756316284063885
0.8652837823920929
0.8567107451977356
0.8510601549916832
0.8477850424771625
0.8451731492386528
0.8416050932663696
0.8365035982956505
0.830324093732569
0.823851612681085
0.8175942485361392
0.8117433274748725
0.8064537922904123
0.8019045389851358
0.798003854019395
0.7941651254783231
0.7895851212961892
0.7838757588491185
0.7774164975989605
0.7710150612151169
0.765187398197858
0.7597853001100446
0.7543217338069922
0.7485817120675898
0.7428212584498001
0.7373686009579692
0.7321499081426864
0.7267380615757565
0.7208815240564087
0.714876819033357
0.7093176797291511
0.7044940454923148
0.7001395744816308
0.6958144185851979
0.6914433923666725
0.6873365817507775
0.6836544438225961
0.6799900565372815
0.675652468698822
0.6704137469937992
0.6648889295024494
0.6600732005307105
0.6564741256017662
0.6537008675628455
0.650844520956685
0.6471587954748125
0.6423801414152788
0.636607102375507
0.630170560421367
0.6237215774084333
0.6182031824177339
0.614330537175395
0.6118643896508746
0.6094896267830359
0.6056885426720419
0.5999544482753301
0.5932167690712699
0.5870710938771265
0.5825711220885627
0.5796654250679937
0.5775648755733551
0.5754111219668723
0.5725987840328294
0.5687912203649911
0.5640321442089991
0.5589484344965515
0.5545709806859862
0.5515962752982997
0.5496963146621795
0.5476744781645655
0.5444422757512709
0.5398745713670412
0.5347282523018287
0.5298518231127718
0.5256008028462247
0.5219236288982761
0.5186889541290908
0.5156865720252602
0.5124338603602067
0.5083589144852451
0.5034067130798056
0.4983486359602499
0.494234121349429
0.4914415158668806
0.4893551788144737
0.4870130758005487
0.4839650085485921
0.4804447752196992
0.4768866025109904
0.4735295549687389
0.470483899297799
0.4678661170555187
0.4656091913707747
0.4632510386333688
0.4602307570287509
0.4565112024722395
0.4527155925926563
0.4494626848642168
0.4466567888998336
0.4436392478488221
0.4400268902338446
0.4361707870152247
0.4326833081658814
0.4296998836342238
0.4268134970332957
0.4236522632178604
0.4202734447901867
0.4169637856990361
0.4139062886623862
0.4111899451070312
0.4089261573932992
0.4070518979685144
0.4050745581663441
0.4023756681598233
0.398950519662328
0.3956253575987299
0.393261048946011
0.3917826112233762
0.3902217326265797
0.3877321961333792
0.3843595108759467
0.3807772133979357
0.3775359626523095
0.3747530869568885
0.3723061101499447
0.3699710967682928
0.3673963426797362
0.3643111784751826
0.3609327613146871
0.3579171219660011
0.3556611781491889
0.3537928429371467
0.3516169707393528
0.3489917735502744
0.3464541111156441
0.3444468025378055
0.3427488784339678
0.3408439734066563
0.33859252801276
0.3362642397728311
0.3340598751230492
0.3319260758340745
0.3297970835551018
0.3276771780526021
0.3254230923009379
0.3227839633620503
0.3198404388088092
0.3171209969332664
0.3149947912296444
0.3131273568363243
0.310873220120279
0.3081308289540692
0.3054570207119281
0.3033201159271171
0.3015935796548875
0.2998947000074559
0.2980784967118125
0.296183455111158
0.2941885382922572
0.2921417347662628
0.2903263610868789
0.2889216272456021
0.2875828251311314
0.2857389017832774
0.2833194053871243
0.2808425936731824
0.2787323904963743
0.2768940689151653
0.2750575773089547
0.2731522184267948
0.2711351879469489
0.268825658810307
0.266257738136519
0.2639327275774207
0.2623037654118378
0.2611348124325201
0.2597538958208456
0.2578765480421278
0.2558266556989718
0.2540038844534576
0.2525143314699876
0.2512966747554083
0.250183375847318
0.2487938485341769
0.2468184686689076
0.2445447965174169
0.2426763297916813
0.2414273659899589
0.2401873382017923
0.2383272736930059
0.2359783198589301
0.2337310445086919
0.2319000613046805
0.2304021514353504
0.2290527088820849
0.2276308945841478
0.2259153141914892
0.2240091603043893
0.2223910013737732
0.2213034765763993
0.2203466965065013
0.2190323269574567
0.2174597054289674
0.2160322826668492
0.2147754130420773
0.2134070703508587
0.2118732399987841
0.2103361432083327
0.2087943605271745
0.2071548746918613
0.2055215994350738
0.2040080712070456
0.2024587745995631
0.2007519903158334
0.199140680148922
0.1978761026911679
0.1967493845664577
0.1954332566344786
0.1940103406107014
0.1927425737610008
0.1916091993890987
0.1904842635681016
0.1894462119600763
0.1885004158178795
0.1873427388842882
0.1858072906653817
0.1842085780556779
0.1828826058488375
0.1817400459489606
0.1805471315302475
0.179242288438741
0.1777708523827992
0.176083491306929
0.1744591560715844
0.1733052546061708
0.1725173106595245
0.1715720101573483
0.1703009280414454
0.1690219477158815
0.1679369765420785
0.1669611714913782
0.1660559049057559
0.1652009192510312
0.1641975127243561
0.1629526358203706
0.1616992367003199
0.1605818446140005
0.1594154007097988
0.158127213399594
0.1569258666297871
0.1558243622381003
0.1545773512603401
0.1532202562756002
0.1520723101102916
0.1511768416365615
0.1502970792110875
0.1493576013526689
0.1484046268004744
0.1473925720271446
0.146397484993785
0.1456314689103347
0.1449804278791225
0.1440597300860016
0.142857309512103
0.1417220349890494
0.1407387468922979
0.1397224101067149
0.1386570896543412
0.1376032829092265
0.1364849153277143
0.1353516686174211
0.13440357091108
0.1335744525867114
0.132640196417783
0.1317004253754975
0.1309630599331564
0.130289649461885
0.1294874871473406
0.1286528359861836
0.1278544431118631
0.1269948380698561
0.1261224331686172
0.1253188893528955
0.1244101385546916
0.1233121117414099
0.1222809040434763
0.1214282994489129
0.1205459724232322
0.1195876283946029
0.1187049853494597
0.1178844753308953
0.1170896377844116
0.116424066139772
0.1158127241240662
0.1150593437627968
0.1142769254496492
0.1136471939157079
0.1130015437839106
0.1121851803333983
0.1113495943565405
0.1105612430487026
0.1097189926038041
0.1088630906115685
0.1080273856568388
0.1071147266197518
0.1062323540693453
0.1055719980053102
0.1049649219750585
0.1041994932362911
0.1034407583727166
0.1028378319457899
0.1022811219004297
0.1017250806287236
0.1011527763827635
0.100436026139805
0.09964820103045838
0.09899207853850713
0.09835342619172147
0.09755713171037014
0.09674024665083614
0.09599366696128403
0.09522930091856849
0.09451426317882528
0.09390739167400818
0.0932671778096644
0.092609044931377
0.09207064197727845
0.09155467841436739
0.09098441718490771
0.09046927507249876
0.089941382010782
0.08928098678908887
0.08862726966700032
0.0880334376697558
0.08736224995141706
0.08665749390703259
0.08599170876739999
0.08528262103862287
0.08460682541788379
0.08407275098195496
0.08352645346460594
0.08292200678619036
0.08241560481535867
0.08196255099101062
0.08147328387203412
0.08100996541548298
0.08050656232054679
0.07990782614033327
0.07936382539099618
0.07884592295449286
0.07820298620129888
0.07754615029018083
0.07695954002008214
0.07635492507471224
0.07578669416537898
0.07528320939964454
0.07474390082703307
0.0742521391374223
0.07386381950046404
0.07342361717763549
0.07295250993206868
0.07254075524383986
0.07207571290958943
0.07156192233496653
0.07108005613895904
0.07053075203369666
0.069936866719914
0.06941186321886386
0.0688749813333864
0.06833263762585698
0.06787132980049643
0.06739351891401266
0.06691857466162286
0.06655944867492718
0.06619488153703347
0.06577561528541745
0.06538872139612668
0.06496341661450984
0.06450321001799364
0.06408155443569619
0.06359589141473589
0.06306387435989103
0.06258718210413033
0.06208147958751226
0.06158355295120196
0.06118996938759715
0.06078320290683269
0.06036135136867297
0.06000681335756031
0.05965102873358887
0.05931574247501131
0.05899333883862647
0.05856430361535153
0.05813199906859818
0.05776113622973952
0.05731834795020763
0.05684459175856283
0.05639220529969422
0.05593079591193453
0.05554332006188683
0.05518152653347173
0.05477590449219077
0.05444668306272749
0.05415001385538645
0.05380897398275884
0.05350419538683645
0.05317633116466784
0.05280028247794604
0.05244009957071626
0.05202399541729879
0.05160024762922957
0.05122978106947847
0.05081088190657183
0.05040967907452587
0.05007583968432043
0.04973033569165013
0.04943058927240992
0.04914955758276921
0.04883864167687637
0.04857489082511692
0.04827563558672088
0.04791821709645414
0.04759366761733616
0.04723344171805369
0.04685798715254506
0.04649881936966546
0.04609975987125006
0.04576237469144816
0.04547463769179799
0.0451546278686268
0.04488029293486125
0.04461719272670663
0.04435391059765312
0.0441158080702957
0.04380856955013152
0.04349922761364033
0.04321147531458162
0.0428568214992991
0.04251395791453027
0.04217983341417812
0.04184601077392409
0.04156483800208698
0.0412647827826398
0.04099897835462302
0.04078125260787779
0.04052283468076574
0.04029300724620972
0.04005364350540943
0.03976916365454623
0.03949577922180545
0.03918172684556816
0.03887788145822867
0.03858140986880573
0.03825018429330018
0.03798413485554684
0.03773056642489371
0.03747581837780789
0.03726472736796133
0.03703643300580336
0.03683238915517884
0.03660843171485058
0.03634445923413207
0.03610768621558912
0.03582281375849049
0.03553219569786412
0.03525812591996096
0.0349699879642716
0.03473026507499682
0.03448179594349345
0.03425733791980967
0.03407407089020494
0.0338624512123497
0.03367340035099801
0.03345736566846178
0.03322724726375202
0.03300358096153482
0.03272792099825072
0.03247431416636676
0.03221480401060429
0.03196273952731951
0.03174802696315183
0.03151840184503464
0.03133579603952772
0.03115378328746458
0.03097075744005533
0.03079705336876226
0.03057685100437677
0.03037607466181359
0.03014777765069364
0.02990259647370605
0.02966726804788742
0.02942160755028902
0.02922455239658037
0.02901418597209552
0.02882710526959337
0.02866878461413534
0.02849454161188665
0.02833872041663872
0.02814643802047805
0.02795978975900219
0.02775227944274278
0.0275238322464174
0.02731771162230138
0.02708732528206878
0.02689374351403232
0.02670493581850766
0.02653650803045911
0.02638643246356546
0.02622265815034574
0.02608414467828143
0.02590714479841248
0.02573356144020073
0.02554148964013359
0.02533483491842077
0.02513925722349709
0.02492830276240858
0.02475746077716955
0.02457962028822181
0.02443091566135188
0.02428912210984645
0.02414498283703158
0.02401158494723411
0.02384424781554817
0.02368762216717559
0.02349718381973153
0.0233143486171614
0.02312608146905248
0.02294400445999619
0.02278610508506517
0.02262527189105713
0.02250196450544158
0.02236236076267433
0.02224069983798794
0.02210017671329408
0.02195181131397962
0.02179169153272147
0.02161408230811031
0.02145026196004664
0.02126766993228312
0.02111977587201624
0.02096863271939109
0.02084464192595007
0.02071970964887655
0.02060294368864865
0.02048274036686019
0.02034099331084558
0.0202034933045803
0.02003692826360031
0.01988441793485594
0.01971599125521684
0.01957552314058907
0.01943383494338886
0.01931486107656683
0.01920254599609068
0.01909142436890863
0.01898226057279832
0.01885217288209577
0.01872524481382072
0.01857041122379148
0.01842965768033022
0.01827325579388745
0.01814302230413265
0.01801128554924535
0.01790423001842096
0.01779711742548289
0.01769759582792333
0.01759281684991544
0.0174738166669014
0.01735066601466878
0.01720902290890282
0.01707627001385816
0.0169327370295785
0.01681499705155355
0.01669365069451857
0.01660077786234366
0.01649783533659691
0.01641094268447882
0.01630391902178951
0.01619782876925263
0.01607118823049077
0.01594699184977949
0.01581442813367788
0.01569262817950993
0.01558099521225613
0.01548036249194848
0.0153907732153163
0.0153021738402229
0.01521538045168194
0.01511261506352981
0.01500813385660517
0.01488556923274766
0.01476976636207353
0.01464645259314108
0.01454394511942192
0.01444036815584451
0.01436039707072268
0.01427280796693938
0.01419717114144826
0.01410152608558897
0.01400952359568175
0.01389448682769998
0.01378873475843726
0.01367092626308543
0.01357400425870052
0.01347515314953729
0.01339963817548853
0.01331699433856123
0.01324786463871296
0.01315944176900612
0.01307445517988758
0.01296799283193376
0.0128690378124674
0.0127588105017375
0.01266818990724389
0.01257555408813228
0.0125052959382547
0.01242855841115877
0.01236361567580399
0.01228125148105046
0.01220078716801089
0.0121009029970198
0.01200789875778175
0.01190598351565153
0.01182139172097404
0.01173803523633831
0.01167197768808798
0.01160285983571793
0.01153929160614143
0.01146314899058019
0.01138263053245187
0.01129141659917213
0.01119979044408012
0.01111082692662518
0.01102934777459866
0.01095991485296289
0.01089458703795261
0.01083647016907516
0.01076858661133334
0.01070069976081884
0.01061573082036558
0.0105344902575424
0.01044378944774223
0.01036853022857575
0.0102925298422441
0.01023480712870923
0.01017360177031871
0.01011868467266325
0.01005271122258975
0.009981870820623715
0.00990251022122543
0.009820510903551126
0.009744503282655432
0.009671573509813521
0.009614211946478046
0.009555410521359024
0.009506465729577083
0.009444341076391825
0.009383012117947185
0.009306990127684678
0.00923305859213841
0.009157297084866024
0.009089738517125429
0.009032073857141026
0.008977582475243665
0.008931259634050373
0.008874087787832987
0.008818007063736661
0.008746739875256145
0.008677987764653144
0.008605647460681055
0.008542197503279428
0.008486863300620691
0.008436009369047297
0.00839238084738428
0.008338953894617019
0.008286258603552451
0.008219257084064237
0.008154170240876378
0.008086911619213178
0.008026539548384906
0.007976466340556279
0.007927889945097627
0.007887678981986357
0.007836868793696949
0.007785477901770452
0.007723218758282325
0.007659467004638673
0.007599395649483328
0.007541648781734437
0.007497722266254178
0.007452500916481427
0.007413384229524421
0.00736644078451744
0.007312966785860929
0.007256445373310656
0.007193432478116672
0.007140132226251436
0.007088246768816177
0.007047194592063565
0.007008887510927769
0.006966808507197306
0.006924001336284401
0.006868596424976276
0.006814284004642356
0.006757823178679218
0.006706423833237357
0.006665535719702047
0.00662504502660374
0.006591150681981658
0.006549641175934985
0.006502739115257316
0.006452568874861254
0.006396190259644875
0.006348546557395228
0.006303528254746399
0.006266172956250406
0.00623384833265154
0.006195137174760409
0.006155808071421635
0.00610692886984391
0.006055602062702674
0.006008635858096157
0.005962903218411597
0.005928357219992271
0.005895425233984694
0.00586108759261456
0.005825531512308736
0.005779198194305611
0.005732508927489412
0.005686098057830867
0.005642021173734828
0.005608983773930305
0.005576598815694221
0.005545526872076633
0.005512241377375037
0.005468813309456136
0.005425306658209781
0.005380544927805391
0.005338676517873868
0.00530712742965536
0.00527639486825945
0.005247165615659034
0.005215807734548325
0.00517479500469886
0.005133142027214584
0.005091278657947584
0.005051523167504325
0.005021835993581533
0.004993703807107729
0.004965062139295684
0.004935303091856131
0.004896314821836258
0.004855454499084915
0.004817171782714749
0.004780220495672922
0.004752000273190426
0.004727282930703266
0.004698792774556418
0.004668981012543984
0.004632689987461639
0.004592062739553713
0.004556797821507445
0.004524752392608501
0.00449723245282384
0.004475038611304026
0.004448060234738789
0.004415862047942408
0.004381738554958516
0.004343863549500515
0.004309608586268805
0.004283324082509836
0.004258709648242209
0.004235116399894817
0.004210148809736436
0.004177199471445202
0.004141654928652315
0.004109098839470573
0.004078525527727433
0.004053784007873255
0.004033898924920691
0.004009817704506586
0.003981316631401987
0.00395055798615494
0.00391639061135754
0.003885154845278901
0.003861620920876707
0.003840267498157864
0.003818382117548588
0.003795233880526544
0.00376591162039733
0.003732654182503868
0.003703279616738773
0.003678263245327747
