xMean xWidth yMean yStd Obs cdfMean cdfStd
  5.012500E-08   2.500000E-10   0.000000E+00   0.000000E+00   0.000000E+00   0.000000E+00   0.000000E+00
  5.037500E-08   2.500000E-10   0.000000E+00   0.000000E+00   0.000000E+00   0.000000E+00   0.000000E+00
  5.062500E-08   2.500000E-10   0.000000E+00   0.000000E+00   0.000000E+00   0.000000E+00   0.000000E+00
  5.087500E-08   2.500000E-10   0.000000E+00   0.000000E+00   0.000000E+00   0.000000E+00   0.000000E+00
  5.112500E-08   2.500000E-10   0.000000E+00   0.000000E+00   0.000000E+00   0.000000E+00   0.000000E+00
  5.137500E-08   2.500000E-10   0.000000E+00   0.000000E+00   0.000000E+00   0.000000E+00   0.000000E+00
  5.162500E-08   2.500000E-10   0.000000E+00   0.000000E+00   0.000000E+00   0.000000E+00   0.000000E+00
  5.187500E-08   2.500000E-10   0.000000E+00   0.000000E+00   0.000000E+00   0.000000E+00   0.000000E+00
  5.212500E-08   2.500000E-10   0.000000E+00   0.000000E+00   0.000000E+00   0.000000E+00   0.000000E+00
  5.237500E-08   2.500000E-10   0.000000E+00   0.000000E+00   0.000000E+00   0.000000E+00   0.000000E+00
  5.262500E-08   2.500000E-10   0.000000E+00   0.000000E+00   0.000000E+00   0.000000E+00   0.000000E+00
  5.287500E-08   2.500000E-10   0.000000E+00   0.000000E+00   0.000000E+00   0.000000E+00   0.000000E+00
  5.312500E-08   2.500000E-10   2.016424E-03   3.246751E-03   5.277564E-01   2.016424E-03   3.246751E-03
  5.337500E-08   2.500000E-10   2.001400E-03   3.222567E-03   5.261640E-01   4.017823E-03   3.458059E-03
  5.362500E-08   2.500000E-10   1.325271E-03   2.793919E-03   5.237876E-01   5.343095E-03   2.816287E-03
  5.387500E-08   2.500000E-10   6.575300E-04   2.079292E-03   5.224085E-01   6.000625E-03   2.108962E-03
  5.412500E-08   2.500000E-10   6.524185E-04   2.063128E-03   5.206763E-01   6.653043E-03   6.633601E-05
  5.437500E-08   2.500000E-10   6.397674E-04   2.023122E-03   5.152934E-01   7.292811E-03   2.049301E-03
  5.462500E-08   2.500000E-10   4.455467E-03   3.074587E-03   5.152940E-01   1.174828E-02   2.740305E-03
  5.487500E-08   2.500000E-10   2.519222E-03   3.252304E-03   5.139453E-01   1.426750E-02   2.681826E-03
  5.512500E-08   2.500000E-10   1.249659E-03   2.634512E-03   5.112249E-01   1.551716E-02   3.266472E-03
  5.537500E-08   2.500000E-10   2.483311E-03   3.205949E-03   5.110443E-01   1.800047E-02   2.713232E-03
  5.562500E-08   2.500000E-10   1.837971E-03   2.959417E-03   5.099053E-01   1.983844E-02   3.564896E-03
  5.587500E-08   2.500000E-10   1.829221E-03   2.945352E-03   5.097260E-01   2.166766E-02   3.232330E-03
  5.612500E-08   2.500000E-10   2.414310E-03   3.116865E-03   5.070852E-01   2.408197E-02   2.689077E-03
  5.637500E-08   2.500000E-10   3.592579E-03   3.092014E-03   5.077401E-01   2.767455E-02   3.180035E-03
  5.662500E-08   2.500000E-10   2.370429E-03   3.060234E-03   5.057658E-01   3.004498E-02   2.670697E-03
  5.687500E-08   2.500000E-10   3.520387E-03   3.029884E-03   5.064184E-01   3.356537E-02   3.153878E-03
  5.712500E-08   2.500000E-10   5.244532E-03   4.297321E-03   5.062214E-01   3.880990E-02   2.887741E-03
  5.737500E-08   2.500000E-10   6.356789E-03   3.281030E-03   5.060084E-01   4.516669E-02   3.087923E-03
  5.762500E-08   2.500000E-10   6.858282E-03   3.619795E-03   5.060040E-01   5.202497E-02   3.074944E-03
  5.787500E-08   2.500000E-10   6.821790E-03   4.475762E-03   5.060085E-01   5.884676E-02   3.755992E-03
  5.812500E-08   2.500000E-10   1.125168E-02   3.747672E-03   5.063085E-01   7.009844E-02   3.702791E-03
  5.837500E-08   2.500000E-10   6.136549E-03   3.162892E-03   5.066895E-01   7.623499E-02   3.342932E-03
  5.862500E-08   2.500000E-10   4.980381E-03   3.138480E-03   5.071189E-01   8.121537E-02   3.742554E-03
  5.887500E-08   2.500000E-10   3.283962E-03   3.827981E-03   5.077685E-01   8.449933E-02   4.028196E-03
  5.912500E-08   2.500000E-10   2.718753E-03   2.865852E-03   5.084598E-01   8.721809E-02   3.306137E-03
  5.937500E-08   2.500000E-10   5.934621E-03   3.059647E-03   5.095520E-01   9.315271E-02   2.722768E-03
  5.962500E-08   2.500000E-10   2.676421E-03   2.821202E-03   5.103516E-01   9.582913E-02   3.026665E-03
  5.987500E-08   2.500000E-10   3.709052E-03   3.577445E-03   5.119228E-01   9.953818E-02   3.537989E-03
  6.012500E-08   2.500000E-10   2.107461E-03   2.720732E-03   5.126245E-01   1.016456E-01   2.989798E-03
  6.037500E-08   2.500000E-10   3.126930E-03   2.691245E-03   5.146530E-01   1.047726E-01   3.580008E-03
  6.062500E-08   2.500000E-10   6.209312E-03   4.081198E-03   5.158251E-01   1.109819E-01   2.828966E-03
  6.087500E-08   2.500000E-10   2.565486E-03   3.625568E-03   5.179193E-01   1.135474E-01   3.207050E-03
  6.112500E-08   2.500000E-10   3.565595E-03   3.436885E-03   5.193129E-01   1.171130E-01   2.866645E-03
  6.137500E-08   2.500000E-10   3.534153E-03   2.438827E-03   5.222730E-01   1.206471E-01   2.662725E-03
  6.162500E-08   2.500000E-10   9.009345E-03   3.161278E-03   5.247428E-01   1.296565E-01   3.940867E-03
  6.187500E-08   2.500000E-10   6.451502E-03   3.347447E-03   5.266150E-01   1.361080E-01   3.623747E-03
  6.212500E-08   2.500000E-10   8.376693E-03   3.326648E-03   5.292548E-01   1.444847E-01   3.147580E-03
  6.237500E-08   2.500000E-10   8.795089E-03   3.851798E-03   5.317638E-01   1.532797E-01   2.911083E-03
  6.262500E-08   2.500000E-10   7.263265E-03   2.552686E-03   5.355284E-01   1.605430E-01   2.809564E-03
  6.287500E-08   2.500000E-10   5.290370E-03   2.727628E-03   5.369649E-01   1.658334E-01   2.787721E-03
  6.312500E-08   2.500000E-10   8.103238E-03   2.308094E-03   5.407889E-01   1.739366E-01   2.306863E-03
  6.337500E-08   2.500000E-10   5.682806E-03   2.995043E-03   5.443593E-01   1.796194E-01   2.712946E-03
  6.362500E-08   2.500000E-10   7.980394E-03   3.165517E-03   5.470424E-01   1.875998E-01   3.757859E-03
  6.387500E-08   2.500000E-10   5.125962E-03   2.642704E-03   5.521200E-01   1.927258E-01   3.945835E-03
  6.412500E-08   2.500000E-10   6.937161E-03   4.996279E-03   5.537951E-01   1.996629E-01   2.400907E-03
  6.437500E-08   2.500000E-10   5.962657E-03   3.775854E-03   5.575581E-01   2.056256E-01   3.458230E-03
  6.462500E-08   2.500000E-10   6.822616E-03   3.863763E-03   5.617619E-01   2.124482E-01   2.525943E-03
  6.487500E-08   2.500000E-10   4.962143E-03   3.942328E-03   5.604359E-01   2.174104E-01   3.350330E-03
  6.512500E-08   2.500000E-10   4.480798E-03   3.659008E-03   5.619210E-01   2.218912E-01   2.552577E-03
  6.537500E-08   2.500000E-10   8.447641E-03   3.283945E-03   5.568043E-01   2.303388E-01   2.621990E-03
  6.562500E-08   2.500000E-10   1.765805E-03   2.279645E-03   5.507805E-01   2.321046E-01   1.681726E-03
  6.587500E-08   2.500000E-10   1.750355E-03   2.259703E-03   5.456305E-01   2.338550E-01   3.265829E-03
  6.612500E-08   2.500000E-10   3.476140E-03   1.832127E-03   5.445040E-01   2.373311E-01   2.670952E-03
  6.637500E-08   2.500000E-10   1.724532E-03   2.226370E-03   5.404338E-01   2.390556E-01   2.590451E-03
  6.662500E-08   2.500000E-10   2.143380E-03   2.259347E-03   5.399524E-01   2.411990E-01   2.207400E-03
  6.687500E-08   2.500000E-10   2.553455E-03   2.197675E-03   5.355767E-01   2.437525E-01   2.587528E-03
  6.712500E-08   2.500000E-10   5.477411E-03   2.034550E-03   5.284565E-01   2.492299E-01   2.649195E-03
  6.737500E-08   2.500000E-10   4.188551E-03   3.422819E-03   5.235973E-01   2.534184E-01   2.641931E-03
  6.762500E-08   2.500000E-10   4.568635E-03   3.065154E-03   5.221879E-01   2.579871E-01   3.032946E-03
  6.787500E-08   2.500000E-10   7.006232E-03   3.394697E-03   5.223345E-01   2.649933E-01   3.794916E-03
  6.812500E-08   2.500000E-10   8.605015E-03   3.035047E-03   5.243700E-01   2.735983E-01   2.630579E-03
  6.837500E-08   2.500000E-10   7.315690E-03   2.572259E-03   5.213427E-01   2.809140E-01   2.440641E-03
  6.862500E-08   2.500000E-10   9.691524E-03   2.082258E-03   5.108343E-01   2.906055E-01   3.099337E-03
  6.887500E-08   2.500000E-10   9.215005E-03   1.939040E-03   4.958847E-01   2.998205E-01   3.015601E-03
  6.912500E-08   2.500000E-10   1.233447E-02   1.276807E-03   4.874077E-01   3.121550E-01   2.289041E-03
  6.937500E-08   2.500000E-10   1.065923E-02   3.237961E-03   4.813659E-01   3.228142E-01   4.163166E-03
  6.962500E-08   2.500000E-10   1.215558E-02   2.899270E-03   4.771256E-01   3.349698E-01   3.646055E-03
  6.987500E-08   2.500000E-10   1.323974E-02   4.925782E-03   4.760792E-01   3.482095E-01   3.962480E-03
  7.012500E-08   2.500000E-10   1.121000E-02   2.851056E-03   4.786879E-01   3.594195E-01   3.631821E-03
  7.037500E-08   2.500000E-10   1.151117E-02   3.128018E-03   4.809403E-01   3.709307E-01   4.085871E-03
  7.062500E-08   2.500000E-10   1.258062E-02   3.163796E-03   4.738740E-01   3.835113E-01   1.858315E-03
  7.087500E-08   2.500000E-10   1.021465E-02   3.109055E-03   4.631221E-01   3.937260E-01   3.214183E-03
  7.112500E-08   2.500000E-10   7.891005E-03   4.134601E-03   4.560364E-01   4.016170E-01   2.852806E-03
  7.137500E-08   2.500000E-10   1.007968E-02   4.675124E-03   4.499597E-01   4.116967E-01   2.983992E-03
  7.162500E-08   2.500000E-10   6.668238E-03   4.199911E-03   4.485168E-01   4.183649E-01   2.915152E-03
  7.187500E-08   2.500000E-10   6.629060E-03   2.903833E-03   4.504087E-01   4.249940E-01   2.192599E-03
  7.212500E-08   2.500000E-10   1.132846E-02   2.073288E-03   4.546620E-01   4.363224E-01   1.812900E-03
  7.237500E-08   2.500000E-10   5.445421E-03   2.564435E-03   4.576730E-01   4.417678E-01   2.653568E-03
  7.262500E-08   2.500000E-10   6.491929E-03   2.843976E-03   4.485833E-01   4.482598E-01   1.744218E-03
  7.287500E-08   2.500000E-10   8.940643E-03   3.033155E-03   4.433130E-01   4.572004E-01   2.301107E-03
  7.312500E-08   2.500000E-10   7.818903E-03   2.252963E-03   4.434248E-01   4.650193E-01   1.676828E-03
  7.337500E-08   2.500000E-10   8.474950E-03   1.821833E-03   4.453430E-01   4.734943E-01   1.900973E-03
  7.362500E-08   2.500000E-10   9.459405E-03   4.047991E-03   4.515628E-01   4.829537E-01   4.103597E-03
  7.387500E-08   2.500000E-10   1.009768E-02   4.481864E-03   4.561274E-01   4.930513E-01   3.000794E-03
  7.412500E-08   2.500000E-10   1.141748E-02   3.288162E-03   4.549736E-01   5.044688E-01   3.326702E-03
  7.437500E-08   2.500000E-10   1.340314E-02   3.418823E-03   4.572771E-01   5.178720E-01   2.371775E-03
  7.462500E-08   2.500000E-10   1.262716E-02   3.612891E-03   4.606664E-01   5.304991E-01   3.468490E-03
  7.487500E-08   2.500000E-10   1.356678E-02   2.768539E-03   4.676552E-01   5.440659E-01   3.064006E-03
  7.512500E-08   2.500000E-10   1.616460E-02   2.654547E-03   4.732729E-01   5.602305E-01   3.210147E-03
  7.537500E-08   2.500000E-10   1.805921E-02   3.227335E-03   4.677910E-01   5.782897E-01   3.071003E-03
  7.562500E-08   2.500000E-10   1.628380E-02   2.920741E-03   4.607507E-01   5.945735E-01   2.157844E-03
  7.587500E-08   2.500000E-10   1.122394E-02   2.778560E-03   4.557348E-01   6.057975E-01   2.432218E-03
  7.612500E-08   2.500000E-10   1.049108E-02   3.728283E-03   4.486105E-01   6.162885E-01   2.740461E-03
  7.637500E-08   2.500000E-10   1.075413E-02   3.089408E-03   4.436561E-01   6.270427E-01   1.982095E-03
  7.662500E-08   2.500000E-10   1.230113E-02   2.969411E-03   4.388345E-01   6.393438E-01   2.246364E-03
  7.687500E-08   2.500000E-10   7.713283E-03   2.239997E-03   4.303110E-01   6.470571E-01   2.539289E-03
  7.712500E-08   2.500000E-10   6.074907E-03   1.820458E-03   4.200305E-01   6.531320E-01   1.572721E-03
  7.737500E-08   2.500000E-10   6.345658E-03   1.499593E-03   4.108645E-01   6.594776E-01   1.472500E-03
  7.762500E-08   2.500000E-10   5.045432E-03   2.201839E-03   4.039087E-01   6.645231E-01   1.712011E-03
  7.787500E-08   2.500000E-10   3.135333E-03   2.092046E-03   3.960303E-01   6.676584E-01   1.625112E-03
  7.812500E-08   2.500000E-10   2.178495E-03   2.097889E-03   3.914430E-01   6.698369E-01   1.530452E-03
  7.837500E-08   2.500000E-10   2.477188E-03   1.955728E-03   3.883546E-01   6.723141E-01   1.076654E-03
  7.862500E-08   2.500000E-10   3.077682E-03   1.448390E-03   3.844963E-01   6.753918E-01   1.051201E-03
  7.887500E-08   2.500000E-10   2.136891E-03   1.474598E-03   3.760911E-01   6.775287E-01   1.337494E-03
  7.912500E-08   2.500000E-10   2.732583E-03   1.723032E-03   3.717944E-01   6.802613E-01   1.619879E-03
  7.937500E-08   2.500000E-10   3.017831E-03   1.422019E-03   3.677340E-01   6.832791E-01   1.634100E-03
  7.962500E-08   2.500000E-10   2.998150E-03   1.416125E-03   3.646381E-01   6.862772E-01   1.610308E-03
  7.987500E-08   2.500000E-10   1.787098E-03   1.538092E-03   3.613218E-01   6.880643E-01   1.499937E-03
  8.012500E-08   2.500000E-10   2.072635E-03   1.430258E-03   3.578309E-01   6.901370E-01   2.371523E-04
  8.037500E-08   2.500000E-10   2.055667E-03   1.418551E-03   3.538680E-01   6.921926E-01   1.604620E-03
  8.062500E-08   2.500000E-10   2.921836E-04   9.239657E-04   3.540294E-01   6.924848E-01   1.451335E-03
  8.087500E-08   2.500000E-10   2.903116E-03   2.369986E-03   3.559706E-01   6.953879E-01   2.336413E-03
  8.112500E-08   2.500000E-10   5.490095E-03   2.135005E-03   3.586375E-01   7.008780E-01   1.541570E-03
  8.137500E-08   2.500000E-10   8.611701E-04   1.386618E-03   3.593884E-01   7.017392E-01   1.449090E-03
  8.162500E-08   2.500000E-10   1.709361E-03   2.403350E-03   3.578524E-01   7.034486E-01   1.994729E-03
  8.187500E-08   2.500000E-10   5.385804E-03   3.117327E-03   3.560094E-01   7.088344E-01   2.090063E-03
  8.212500E-08   2.500000E-10   2.820982E-03   2.301118E-03   3.539486E-01   7.116553E-01   1.591530E-03
  8.237500E-08   2.500000E-10   1.681315E-03   1.447054E-03   3.511462E-01   7.133367E-01   9.483581E-04
  8.262500E-08   2.500000E-10   5.842687E-03   1.576168E-03   3.480863E-01   7.191793E-01   1.808020E-03
  8.287500E-08   2.500000E-10   6.084312E-03   2.183572E-03   3.467928E-01   7.252637E-01   2.013353E-03
  8.312500E-08   2.500000E-10   6.328306E-03   2.272491E-03   3.458504E-01   7.315920E-01   1.229746E-03
  8.337500E-08   2.500000E-10   5.464750E-03   2.227597E-03   3.451291E-01   7.370567E-01   1.936390E-03
  8.362500E-08   2.500000E-10   4.347776E-03   2.626338E-03   3.448595E-01   7.414045E-01   1.768671E-03
  8.387500E-08   2.500000E-10   5.132625E-03   2.683840E-03   3.449187E-01   7.465371E-01   1.772634E-03
  8.412500E-08   2.500000E-10   7.791534E-03   1.985662E-03   3.454612E-01   7.543287E-01   1.915160E-03
  8.437500E-08   2.500000E-10   9.345235E-03   2.269067E-03   3.462712E-01   7.636739E-01   1.389795E-03
  8.462500E-08   2.500000E-10   9.289221E-03   2.868189E-03   3.475794E-01   7.729631E-01   2.290211E-03
  8.487500E-08   2.500000E-10   1.108468E-02   3.246760E-03   3.491059E-01   7.840478E-01   1.241774E-03
  8.512500E-08   2.500000E-10   1.022818E-02   2.602053E-03   3.509553E-01   7.942760E-01   1.701964E-03
  8.537500E-08   2.500000E-10   1.042746E-02   3.476235E-03   3.533292E-01   8.047034E-01   2.339541E-03
  8.562500E-08   2.500000E-10   1.037303E-02   3.231204E-03   3.557918E-01   8.150765E-01   1.612846E-03
  8.587500E-08   2.500000E-10   6.186368E-03   1.801953E-03   3.584649E-01   8.212628E-01   1.333769E-03
  8.612500E-08   2.500000E-10   7.685973E-03   2.090064E-03   3.603000E-01   8.289488E-01   1.785732E-03
  8.637500E-08   2.500000E-10   9.675754E-03   2.342812E-03   3.622475E-01   8.386246E-01   1.277785E-03
  8.662500E-08   2.500000E-10   6.839677E-03   2.681037E-03   3.569620E-01   8.454642E-01   1.864995E-03
  8.687500E-08   2.500000E-10   4.030329E-03   2.707090E-03   3.510627E-01   8.494946E-01   1.692790E-03
  8.712500E-08   2.500000E-10   2.253810E-03   2.193458E-03   3.465488E-01   8.517484E-01   1.345365E-03
  8.737500E-08   2.500000E-10   2.989779E-03   1.968502E-03   3.424946E-01   8.547382E-01   1.011491E-03
  8.762500E-08   2.500000E-10   2.227825E-03   1.826442E-03   3.333590E-01   8.569660E-01   1.201613E-03
  8.787500E-08   2.500000E-10   3.691395E-03   1.739075E-03   3.206708E-01   8.606574E-01   1.542948E-03
  8.812500E-08   2.500000E-10   1.467084E-03   1.710474E-03   3.096703E-01   8.621245E-01   1.554332E-03
  8.837500E-08   2.500000E-10   1.703847E-03   1.643120E-03   3.043155E-01   8.638283E-01   1.319783E-03
  8.862500E-08   2.500000E-10   3.388931E-03   1.250515E-03   2.978205E-01   8.672172E-01   1.401013E-03
  8.887500E-08   2.500000E-10   3.365353E-03   1.678547E-03   2.921447E-01   8.705826E-01   1.992736E-03
  8.912500E-08   2.500000E-10   4.064553E-03   1.969543E-03   2.888439E-01   8.746471E-01   2.004959E-03
  8.937500E-08   2.500000E-10   5.950194E-03   2.028585E-03   2.873203E-01   8.805973E-01   1.248819E-03
  8.962500E-08   2.500000E-10   2.602763E-03   1.745441E-03   2.872123E-01   8.832001E-01   1.274543E-03
  8.987500E-08   2.500000E-10   1.647635E-03   1.589962E-03   2.883211E-01   8.848477E-01   1.581597E-03
  9.012500E-08   2.500000E-10   2.805101E-03   1.843973E-03   2.894177E-01   8.876528E-01   1.275606E-03
  9.037500E-08   2.500000E-10   3.024724E-03   2.206728E-03   2.915605E-01   8.906776E-01   1.454430E-03
  9.062500E-08   2.500000E-10   3.007710E-03   2.194390E-03   2.942558E-01   8.936853E-01   1.354679E-03
  9.087500E-08   2.500000E-10   2.759981E-03   1.454789E-03   2.960997E-01   8.964453E-01   1.140851E-03
  9.112500E-08   2.500000E-10   2.745337E-03   9.645283E-04   2.975292E-01   8.991906E-01   1.251076E-03
  9.137500E-08   2.500000E-10   3.867153E-03   1.529117E-03   2.964197E-01   9.030577E-01   2.139208E-03
  9.162500E-08   2.500000E-10   4.529644E-03   2.390412E-03   2.899093E-01   9.075874E-01   1.437771E-03
  9.187500E-08   2.500000E-10   4.505613E-03   1.503937E-03   2.852365E-01   9.120930E-01   9.734736E-04
  9.212500E-08   2.500000E-10   4.702444E-03   1.650171E-03   2.799793E-01   9.167954E-01   1.543797E-03
  9.237500E-08   2.500000E-10   6.236298E-03   2.050108E-03   2.758354E-01   9.230317E-01   1.252336E-03
  9.262500E-08   2.500000E-10   6.642124E-03   2.331601E-03   2.706123E-01   9.296739E-01   1.664917E-03
  9.287500E-08   2.500000E-10   6.833485E-03   1.932862E-03   2.667766E-01   9.365073E-01   1.397491E-03
  9.312500E-08   2.500000E-10   5.259645E-03   1.849610E-03   2.622761E-01   9.417670E-01   1.141932E-03
  9.337500E-08   2.500000E-10   6.105094E-03   1.379112E-03   2.589102E-01   9.478721E-01   1.123338E-03
  9.362500E-08   2.500000E-10   5.420060E-03   1.839402E-03   2.545929E-01   9.532921E-01   1.609933E-03
  9.387500E-08   2.500000E-10   4.745654E-03   1.708636E-03   2.501671E-01   9.580378E-01   6.783885E-04
  9.412500E-08   2.500000E-10   7.296016E-03   1.499872E-03   2.453325E-01   9.653338E-01   1.124102E-03
  9.437500E-08   2.500000E-10   8.536548E-03   1.419819E-03   2.416785E-01   9.738704E-01   1.126977E-03
  9.462500E-08   2.500000E-10   7.223380E-03   1.490828E-03   2.385055E-01   9.810937E-01   6.631354E-04
  9.487500E-08   2.500000E-10   4.437650E-03   1.196826E-03   2.348541E-01   9.855314E-01   9.940503E-04
  9.512500E-08   2.500000E-10   2.520903E-03   1.329692E-03   2.313762E-01   9.880523E-01   8.772375E-04
  9.537500E-08   2.500000E-10   2.507037E-03   1.645888E-03   2.280449E-01   9.905593E-01   1.072374E-03
  9.562500E-08   2.500000E-10   1.872388E-03   1.534627E-03   2.243823E-01   9.924317E-01   9.919442E-04
  9.587500E-08   2.500000E-10   2.273471E-03   1.523069E-03   2.216097E-01   9.947052E-01   1.436027E-03
  9.612500E-08   2.500000E-10   1.441151E-03   1.391407E-03   2.181536E-01   9.961463E-01   1.155440E-03
  9.637500E-08   2.500000E-10   8.188224E-04   1.057100E-03   2.151283E-01   9.969652E-01   1.069652E-03
  9.662500E-08   2.500000E-10   1.221067E-03   1.050930E-03   2.113825E-01   9.981862E-01   6.373084E-04
  9.687500E-08   2.500000E-10   4.043962E-04   8.525422E-04   2.072329E-01   9.985906E-01   9.725602E-04
  9.712500E-08   2.500000E-10   1.208350E-03   1.039986E-03   2.053496E-01   9.997990E-01   6.356719E-04
  9.737500E-08   2.500000E-10   2.010171E-04   6.356719E-04   2.029099E-01   1.000000E+00   0.000000E+00
  9.762500E-08   2.500000E-10   0.000000E+00   0.000000E+00   0.000000E+00   1.000000E+00   0.000000E+00
  9.787500E-08   2.500000E-10   0.000000E+00   0.000000E+00   0.000000E+00   1.000000E+00   0.000000E+00
  9.812500E-08   2.500000E-10   0.000000E+00   0.000000E+00   0.000000E+00   1.000000E+00   0.000000E+00
  9.837500E-08   2.500000E-10   0.000000E+00   0.000000E+00   0.000000E+00   1.000000E+00   0.000000E+00
  9.862500E-08   2.500000E-10   0.000000E+00   0.000000E+00   0.000000E+00   1.000000E+00   0.000000E+00
  9.887500E-08   2.500000E-10   0.000000E+00   0.000000E+00   0.000000E+00   1.000000E+00   0.000000E+00
  9.912500E-08   2.500000E-10   0.000000E+00   0.000000E+00   0.000000E+00   1.000000E+00   0.000000E+00
  9.937500E-08   2.500000E-10   0.000000E+00   0.000000E+00   0.000000E+00   1.000000E+00   0.000000E+00
  9.962500E-08   2.500000E-10   0.000000E+00   0.000000E+00   0.000000E+00   1.000000E+00   0.000000E+00
  9.987500E-08   2.500000E-10   0.000000E+00   0.000000E+00   0.000000E+00   1.000000E+00   0.000000E+00