xMean xWidth yMean yStd Obs cdfMean cdfStd
  4.020000E-07   4.000000E-09   2.610010E-09   1.906638E-11   2.466682E-10   6.746607E-02   4.902445E-04
  4.060000E-07   4.000000E-09   1.757630E-11   2.267982E-11   2.450994E-10   6.792039E-02   2.801379E-04
  4.100000E-07   4.000000E-09   0.000000E+00   0.000000E+00   0.000000E+00   6.792039E-02   2.801379E-04
  4.140000E-07   4.000000E-09   0.000000E+00   0.000000E+00   0.000000E+00   6.792039E-02   2.801379E-04
  4.180000E-07   4.000000E-09   0.000000E+00   0.000000E+00   0.000000E+00   6.792039E-02   2.801379E-04
  4.220000E-07   4.000000E-09   0.000000E+00   0.000000E+00   0.000000E+00   6.792039E-02   2.801379E-04
  4.260000E-07   4.000000E-09   0.000000E+00   0.000000E+00   0.000000E+00   6.792039E-02   2.801379E-04
  4.300000E-07   4.000000E-09   0.000000E+00   0.000000E+00   0.000000E+00   6.792039E-02   2.801379E-04
  4.340000E-07   4.000000E-09   0.000000E+00   0.000000E+00   0.000000E+00   6.792039E-02   2.801379E-04
  4.380000E-07   4.000000E-09   0.000000E+00   0.000000E+00   0.000000E+00   6.792039E-02   2.801379E-04
  4.420000E-07   4.000000E-09   0.000000E+00   0.000000E+00   0.000000E+00   6.792039E-02   2.801379E-04
  4.460000E-07   4.000000E-09   0.000000E+00   0.000000E+00   0.000000E+00   6.792039E-02   2.801379E-04
  4.500000E-07   4.000000E-09   0.000000E+00   0.000000E+00   0.000000E+00   6.792039E-02   2.801379E-04
  4.540000E-07   4.000000E-09   0.000000E+00   0.000000E+00   0.000000E+00   6.792039E-02   2.801379E-04
  4.580000E-07   4.000000E-09   0.000000E+00   0.000000E+00   0.000000E+00   6.792039E-02   2.801379E-04
  4.620000E-07   4.000000E-09   0.000000E+00   0.000000E+00   0.000000E+00   6.792039E-02   2.801379E-04
  4.660000E-07   4.000000E-09   0.000000E+00   0.000000E+00   0.000000E+00   6.792039E-02   2.801379E-04
  4.700000E-07   4.000000E-09   0.000000E+00   0.000000E+00   0.000000E+00   6.792039E-02   2.801379E-04
  4.740000E-07   4.000000E-09   0.000000E+00   0.000000E+00   0.000000E+00   6.792039E-02   2.801379E-04
  4.780000E-07   4.000000E-09   0.000000E+00   0.000000E+00   0.000000E+00   6.792039E-02   2.801379E-04
  4.820000E-07   4.000000E-09   0.000000E+00   0.000000E+00   0.000000E+00   6.792039E-02   2.801379E-04
  4.860000E-07   4.000000E-09   0.000000E+00   0.000000E+00   0.000000E+00   6.792039E-02   2.801379E-04
  4.900000E-07   4.000000E-09   0.000000E+00   0.000000E+00   0.000000E+00   6.792039E-02   2.801379E-04
  4.940000E-07   4.000000E-09   0.000000E+00   0.000000E+00   0.000000E+00   6.792039E-02   2.801379E-04
  4.980000E-07   4.000000E-09   0.000000E+00   0.000000E+00   0.000000E+00   6.792039E-02   2.801379E-04
  5.020000E-07   4.000000E-09   0.000000E+00   0.000000E+00   0.000000E+00   6.792039E-02   2.801379E-04
  5.060000E-07   4.000000E-09   0.000000E+00   0.000000E+00   0.000000E+00   6.792039E-02   2.801379E-04
  5.100000E-07   4.000000E-09   0.000000E+00   0.000000E+00   0.000000E+00   6.792039E-02   2.801379E-04
  5.140000E-07   4.000000E-09   0.000000E+00   0.000000E+00   0.000000E+00   6.792039E-02   2.801379E-04
  5.180000E-07   4.000000E-09   0.000000E+00   0.000000E+00   0.000000E+00   6.792039E-02   2.801379E-04
  5.220000E-07   4.000000E-09   0.000000E+00   0.000000E+00   0.000000E+00   6.792039E-02   2.801379E-04
  5.260000E-07   4.000000E-09   0.000000E+00   0.000000E+00   0.000000E+00   6.792039E-02   2.801379E-04
  5.300000E-07   4.000000E-09   0.000000E+00   0.000000E+00   0.000000E+00   6.792039E-02   2.801379E-04
  5.340000E-07   4.000000E-09   0.000000E+00   0.000000E+00   0.000000E+00   6.792039E-02   2.801379E-04
  5.380000E-07   4.000000E-09   0.000000E+00   0.000000E+00   0.000000E+00   6.792039E-02   2.801379E-04
  5.420000E-07   4.000000E-09   0.000000E+00   0.000000E+00   0.000000E+00   6.792039E-02   2.801379E-04
  5.460000E-07   4.000000E-09   0.000000E+00   0.000000E+00   0.000000E+00   6.792039E-02   2.801379E-04
  5.500000E-07   4.000000E-09   0.000000E+00   0.000000E+00   0.000000E+00   6.792039E-02   2.801379E-04
  5.540000E-07   4.000000E-09   0.000000E+00   0.000000E+00   0.000000E+00   6.792039E-02   2.801379E-04
  5.580000E-07   4.000000E-09   0.000000E+00   0.000000E+00   0.000000E+00   6.792039E-02   2.801379E-04
  5.620000E-07   4.000000E-09   0.000000E+00   0.000000E+00   0.000000E+00   6.792039E-02   2.801379E-04
  5.660000E-07   4.000000E-09   0.000000E+00   0.000000E+00   0.000000E+00   6.792039E-02   2.801379E-04
  5.700000E-07   4.000000E-09   0.000000E+00   0.000000E+00   0.000000E+00   6.792039E-02   2.801379E-04
  5.740000E-07   4.000000E-09   0.000000E+00   0.000000E+00   0.000000E+00   6.792039E-02   2.801379E-04
  5.780000E-07   4.000000E-09   0.000000E+00   0.000000E+00   0.000000E+00   6.792039E-02   2.801379E-04
  5.820000E-07   4.000000E-09   0.000000E+00   0.000000E+00   0.000000E+00   6.792039E-02   2.801379E-04
  5.860000E-07   4.000000E-09   0.000000E+00   0.000000E+00   0.000000E+00   6.792039E-02   2.801379E-04
  5.900000E-07   4.000000E-09   0.000000E+00   0.000000E+00   0.000000E+00   6.792039E-02   2.801379E-04
  5.940000E-07   4.000000E-09   0.000000E+00   0.000000E+00   0.000000E+00   6.792039E-02   2.801379E-04
  5.980000E-07   4.000000E-09   3.253660E-12   1.028898E-11   2.167290E-10   6.800448E-02   4.226519E-04
  6.020000E-07   4.000000E-09   3.275746E-12   1.035882E-11   2.171837E-10   6.808915E-02   3.937026E-04
  6.060000E-07   4.000000E-09   3.294092E-11   2.689652E-11   2.177224E-10   6.894065E-02   8.916493E-04
  6.100000E-07   4.000000E-09   9.939236E-11   4.686400E-11   2.182438E-10   7.150991E-02   1.038029E-03
  6.140000E-07   4.000000E-09   4.968021E-10   1.327686E-10   2.187715E-10   8.435203E-02   3.465673E-03
  6.180000E-07   4.000000E-09   1.332604E-09   1.921097E-10   2.195191E-10   1.187983E-01   4.945062E-03
  6.220000E-07   4.000000E-09   3.384206E-09   1.501445E-10   2.199991E-10   2.062766E-01   6.462427E-03
  6.260000E-07   4.000000E-09   7.313205E-09   2.982537E-10   2.203980E-10   3.953149E-01   6.547188E-03
  6.300000E-07   4.000000E-09   4.952369E-09   3.032805E-10   2.208480E-10   5.233288E-01   4.113915E-03
  6.340000E-07   4.000000E-09   2.135578E-09   1.997877E-10   2.214184E-10   5.785319E-01   4.677006E-03
  6.380000E-07   4.000000E-09   8.824676E-10   7.351200E-11   2.221139E-10   6.013428E-01   4.034000E-03
  6.420000E-07   4.000000E-09   3.099730E-10   1.317963E-10   2.229285E-10   6.093550E-01   2.370402E-03
  6.460000E-07   4.000000E-09   7.360113E-11   6.699381E-11   2.239865E-10   6.112574E-01   1.441255E-03
  6.500000E-07   4.000000E-09   4.229493E-11   4.334346E-11   2.247998E-10   6.123507E-01   6.476074E-04
  6.540000E-07   4.000000E-09   1.419374E-11   2.482379E-11   2.256140E-10   6.127176E-01   6.125998E-05
  6.580000E-07   4.000000E-09   0.000000E+00   0.000000E+00   0.000000E+00   6.127176E-01   6.125998E-05
  6.620000E-07   4.000000E-09   0.000000E+00   0.000000E+00   0.000000E+00   6.127176E-01   6.125998E-05
  6.660000E-07   4.000000E-09   0.000000E+00   0.000000E+00   0.000000E+00   6.127176E-01   6.125998E-05
  6.700000E-07   4.000000E-09   0.000000E+00   0.000000E+00   0.000000E+00   6.127176E-01   6.125998E-05
  6.740000E-07   4.000000E-09   0.000000E+00   0.000000E+00   0.000000E+00   6.127176E-01   6.125998E-05
  6.780000E-07   4.000000E-09   0.000000E+00   0.000000E+00   0.000000E+00   6.127176E-01   6.125998E-05
  6.820000E-07   4.000000E-09   0.000000E+00   0.000000E+00   0.000000E+00   6.127176E-01   6.125998E-05
  6.860000E-07   4.000000E-09   0.000000E+00   0.000000E+00   0.000000E+00   6.127176E-01   6.125998E-05
  6.900000E-07   4.000000E-09   0.000000E+00   0.000000E+00   0.000000E+00   6.127176E-01   6.125998E-05
  6.940000E-07   4.000000E-09   0.000000E+00   0.000000E+00   0.000000E+00   6.127176E-01   6.125998E-05
  6.980000E-07   4.000000E-09   0.000000E+00   0.000000E+00   0.000000E+00   6.127176E-01   6.125998E-05
  7.020000E-07   4.000000E-09   0.000000E+00   0.000000E+00   0.000000E+00   6.127176E-01   6.125998E-05
  7.060000E-07   4.000000E-09   0.000000E+00   0.000000E+00   0.000000E+00   6.127176E-01   6.125998E-05
  7.100000E-07   4.000000E-09   0.000000E+00   0.000000E+00   0.000000E+00   6.127176E-01   6.125998E-05
  7.140000E-07   4.000000E-09   0.000000E+00   0.000000E+00   0.000000E+00   6.127176E-01   6.125998E-05
  7.180000E-07   4.000000E-09   0.000000E+00   0.000000E+00   0.000000E+00   6.127176E-01   6.125998E-05
  7.220000E-07   4.000000E-09   0.000000E+00   0.000000E+00   0.000000E+00   6.127176E-01   6.125998E-05
  7.260000E-07   4.000000E-09   0.000000E+00   0.000000E+00   0.000000E+00   6.127176E-01   6.125998E-05
  7.300000E-07   4.000000E-09   0.000000E+00   0.000000E+00   0.000000E+00   6.127176E-01   6.125998E-05
  7.340000E-07   4.000000E-09   0.000000E+00   0.000000E+00   0.000000E+00   6.127176E-01   6.125998E-05
  7.380000E-07   4.000000E-09   0.000000E+00   0.000000E+00   0.000000E+00   6.127176E-01   6.125998E-05
  7.420000E-07   4.000000E-09   0.000000E+00   0.000000E+00   0.000000E+00   6.127176E-01   6.125998E-05
  7.460000E-07   4.000000E-09   0.000000E+00   0.000000E+00   0.000000E+00   6.127176E-01   6.125998E-05
  7.500000E-07   4.000000E-09   0.000000E+00   0.000000E+00   0.000000E+00   6.127176E-01   6.125998E-05
  7.540000E-07   4.000000E-09   0.000000E+00   0.000000E+00   0.000000E+00   6.127176E-01   6.125998E-05
  7.580000E-07   4.000000E-09   0.000000E+00   0.000000E+00   0.000000E+00   6.127176E-01   6.125998E-05
  7.620000E-07   4.000000E-09   0.000000E+00   0.000000E+00   0.000000E+00   6.127176E-01   6.125998E-05
  7.660000E-07   4.000000E-09   0.000000E+00   0.000000E+00   0.000000E+00   6.127176E-01   6.125998E-05
  7.700000E-07   4.000000E-09   0.000000E+00   0.000000E+00   0.000000E+00   6.127176E-01   6.125998E-05
  7.740000E-07   4.000000E-09   0.000000E+00   0.000000E+00   0.000000E+00   6.127176E-01   6.125998E-05
  7.780000E-07   4.000000E-09   0.000000E+00   0.000000E+00   0.000000E+00   6.127176E-01   6.125998E-05
  7.820000E-07   4.000000E-09   0.000000E+00   0.000000E+00   0.000000E+00   6.127176E-01   6.125998E-05
  7.860000E-07   4.000000E-09   0.000000E+00   0.000000E+00   0.000000E+00   6.127176E-01   6.125998E-05
  7.900000E-07   4.000000E-09   0.000000E+00   0.000000E+00   0.000000E+00   6.127176E-01   6.125998E-05
  7.940000E-07   4.000000E-09   0.000000E+00   0.000000E+00   0.000000E+00   6.127176E-01   6.125998E-05
  7.980000E-07   4.000000E-09   0.000000E+00   0.000000E+00   0.000000E+00   6.127176E-01   6.125998E-05
  8.020000E-07   4.000000E-09   0.000000E+00   0.000000E+00   0.000000E+00   6.127176E-01   6.125998E-05
  8.060000E-07   4.000000E-09   0.000000E+00   0.000000E+00   0.000000E+00   6.127176E-01   6.125998E-05
  8.100000E-07   4.000000E-09   0.000000E+00   0.000000E+00   0.000000E+00   6.127176E-01   6.125998E-05
  8.140000E-07   4.000000E-09   0.000000E+00   0.000000E+00   0.000000E+00   6.127176E-01   6.125998E-05
  8.180000E-07   4.000000E-09   0.000000E+00   0.000000E+00   0.000000E+00   6.127176E-01   6.125998E-05
  8.220000E-07   4.000000E-09   0.000000E+00   0.000000E+00   0.000000E+00   6.127176E-01   6.125998E-05
  8.260000E-07   4.000000E-09   0.000000E+00   0.000000E+00   0.000000E+00   6.127176E-01   6.125998E-05
  8.300000E-07   4.000000E-09   0.000000E+00   0.000000E+00   0.000000E+00   6.127176E-01   6.125998E-05
  8.340000E-07   4.000000E-09   0.000000E+00   0.000000E+00   0.000000E+00   6.127176E-01   6.125998E-05
  8.380000E-07   4.000000E-09   0.000000E+00   0.000000E+00   0.000000E+00   6.127176E-01   6.125998E-05
  8.420000E-07   4.000000E-09   0.000000E+00   0.000000E+00   0.000000E+00   6.127176E-01   6.125998E-05
  8.460000E-07   4.000000E-09   0.000000E+00   0.000000E+00   0.000000E+00   6.127176E-01   6.125998E-05
  8.500000E-07   4.000000E-09   0.000000E+00   0.000000E+00   0.000000E+00   6.127176E-01   6.125998E-05
  8.540000E-07   4.000000E-09   0.000000E+00   0.000000E+00   0.000000E+00   6.127176E-01   6.125998E-05
  8.580000E-07   4.000000E-09   0.000000E+00   0.000000E+00   0.000000E+00   6.127176E-01   6.125998E-05
  8.620000E-07   4.000000E-09   0.000000E+00   0.000000E+00   0.000000E+00   6.127176E-01   6.125998E-05
  8.660000E-07   4.000000E-09   0.000000E+00   0.000000E+00   0.000000E+00   6.127176E-01   6.125998E-05
  8.700000E-07   4.000000E-09   0.000000E+00   0.000000E+00   0.000000E+00   6.127176E-01   6.125998E-05
  8.740000E-07   4.000000E-09   0.000000E+00   0.000000E+00   0.000000E+00   6.127176E-01   6.125998E-05
  8.780000E-07   4.000000E-09   0.000000E+00   0.000000E+00   0.000000E+00   6.127176E-01   6.125998E-05
  8.820000E-07   4.000000E-09   0.000000E+00   0.000000E+00   0.000000E+00   6.127176E-01   6.125998E-05
  8.860000E-07   4.000000E-09   0.000000E+00   0.000000E+00   0.000000E+00   6.127176E-01   6.125998E-05
  8.900000E-07   4.000000E-09   0.000000E+00   0.000000E+00   0.000000E+00   6.127176E-01   6.125998E-05
  8.940000E-07   4.000000E-09   0.000000E+00   0.000000E+00   0.000000E+00   6.127176E-01   6.125998E-05
  8.980000E-07   4.000000E-09   0.000000E+00   0.000000E+00   0.000000E+00   6.127176E-01   6.125998E-05
  9.020000E-07   4.000000E-09   0.000000E+00   0.000000E+00   0.000000E+00   6.127176E-01   6.125998E-05
  9.060000E-07   4.000000E-09   0.000000E+00   0.000000E+00   0.000000E+00   6.127176E-01   6.125998E-05
  9.100000E-07   4.000000E-09   0.000000E+00   0.000000E+00   0.000000E+00   6.127176E-01   6.125998E-05
  9.140000E-07   4.000000E-09   0.000000E+00   0.000000E+00   0.000000E+00   6.127176E-01   6.125998E-05
  9.180000E-07   4.000000E-09   0.000000E+00   0.000000E+00   0.000000E+00   6.127176E-01   6.125998E-05
  9.220000E-07   4.000000E-09   0.000000E+00   0.000000E+00   0.000000E+00   6.127176E-01   6.125998E-05
  9.260000E-07   4.000000E-09   0.000000E+00   0.000000E+00   0.000000E+00   6.127176E-01   6.125998E-05
  9.300000E-07   4.000000E-09   0.000000E+00   0.000000E+00   0.000000E+00   6.127176E-01   6.125998E-05
  9.340000E-07   4.000000E-09   0.000000E+00   0.000000E+00   0.000000E+00   6.127176E-01   6.125998E-05
  9.380000E-07   4.000000E-09   0.000000E+00   0.000000E+00   0.000000E+00   6.127176E-01   6.125998E-05
  9.420000E-07   4.000000E-09   0.000000E+00   0.000000E+00   0.000000E+00   6.127176E-01   6.125998E-05
  9.460000E-07   4.000000E-09   0.000000E+00   0.000000E+00   0.000000E+00   6.127176E-01   6.125998E-05
  9.500000E-07   4.000000E-09   0.000000E+00   0.000000E+00   0.000000E+00   6.127176E-01   6.125998E-05
  9.540000E-07   4.000000E-09   0.000000E+00   0.000000E+00   0.000000E+00   6.127176E-01   6.125998E-05
  9.580000E-07   4.000000E-09   0.000000E+00   0.000000E+00   0.000000E+00   6.127176E-01   6.125998E-05
  9.620000E-07   4.000000E-09   0.000000E+00   0.000000E+00   0.000000E+00   6.127176E-01   6.125998E-05
  9.660000E-07   4.000000E-09   0.000000E+00   0.000000E+00   0.000000E+00   6.127176E-01   6.125998E-05
  9.700000E-07   4.000000E-09   0.000000E+00   0.000000E+00   0.000000E+00   6.127176E-01   6.125998E-05
  9.740000E-07   4.000000E-09   0.000000E+00   0.000000E+00   0.000000E+00   6.127176E-01   6.125998E-05
  9.780000E-07   4.000000E-09   0.000000E+00   0.000000E+00   0.000000E+00   6.127176E-01   6.125998E-05
  9.820000E-07   4.000000E-09   0.000000E+00   0.000000E+00   0.000000E+00   6.127176E-01   6.125998E-05
  9.860000E-07   4.000000E-09   0.000000E+00   0.000000E+00   0.000000E+00   6.127176E-01   6.125998E-05
  9.900000E-07   4.000000E-09   0.000000E+00   0.000000E+00   0.000000E+00   6.127176E-01   6.125998E-05
  9.940000E-07   4.000000E-09   0.000000E+00   0.000000E+00   0.000000E+00   6.127176E-01   6.125998E-05
  9.980000E-07   4.000000E-09   0.000000E+00   0.000000E+00   0.000000E+00   6.127176E-01   6.125998E-05
  1.002000E-06   4.000000E-09   0.000000E+00   0.000000E+00   0.000000E+00   6.127176E-01   6.125998E-05
  1.006000E-06   4.000000E-09   0.000000E+00   0.000000E+00   0.000000E+00   6.127176E-01   6.125998E-05
  1.010000E-06   4.000000E-09   0.000000E+00   0.000000E+00   0.000000E+00   6.127176E-01   6.125998E-05
  1.014000E-06   4.000000E-09   0.000000E+00   0.000000E+00   0.000000E+00   6.127176E-01   6.125998E-05
  1.018000E-06   4.000000E-09   0.000000E+00   0.000000E+00   0.000000E+00   6.127176E-01   6.125998E-05
  1.022000E-06   4.000000E-09   0.000000E+00   0.000000E+00   0.000000E+00   6.127176E-01   6.125998E-05
  1.026000E-06   4.000000E-09   0.000000E+00   0.000000E+00   0.000000E+00   6.127176E-01   6.125998E-05
  1.030000E-06   4.000000E-09   0.000000E+00   0.000000E+00   0.000000E+00   6.127176E-01   6.125998E-05
  1.034000E-06   4.000000E-09   0.000000E+00   0.000000E+00   0.000000E+00   6.127176E-01   6.125998E-05
  1.038000E-06   4.000000E-09   0.000000E+00   0.000000E+00   0.000000E+00   6.127176E-01   6.125998E-05
  1.042000E-06   4.000000E-09   5.094176E-11   4.956124E-11   2.277713E-10   6.140344E-01   1.297754E-03
  1.046000E-06   4.000000E-09   9.653181E-11   1.003428E-10   2.273571E-10   6.165298E-01   3.065055E-03
  1.050000E-06   4.000000E-09   3.647890E-10   1.703884E-10   2.266547E-10   6.259593E-01   5.740783E-03
  1.054000E-06   4.000000E-09   1.247403E-09   3.840646E-10   2.258809E-10   6.582041E-01   1.104317E-02
  1.058000E-06   4.000000E-09   3.342758E-09   4.932552E-10   2.253394E-10   7.446100E-01   6.710792E-03
  1.062000E-06   4.000000E-09   5.596287E-09   3.041782E-10   2.248634E-10   8.892684E-01   1.029783E-02
  1.066000E-06   4.000000E-09   2.753142E-09   3.728415E-10   2.243668E-10   9.604344E-01   5.107393E-03
  1.070000E-06   4.000000E-09   8.940313E-10   1.975923E-10   2.238980E-10   9.835441E-01   5.053020E-03
  1.074000E-06   4.000000E-09   3.904630E-10   1.428024E-10   2.234241E-10   9.936373E-01   3.554514E-03
  1.078000E-06   4.000000E-09   1.579395E-10   1.204260E-10   2.230102E-10   9.977196E-01   1.478114E-03
  1.082000E-06   4.000000E-09   6.455443E-11   5.838327E-11   2.226739E-10   9.993883E-01   1.068116E-03
  1.086000E-06   4.000000E-09   5.895222E-12   1.864233E-11   2.220604E-10   9.995406E-01   7.396316E-04
  1.090000E-06   4.000000E-09   5.908379E-12   1.868394E-11   2.218249E-10   9.996934E-01   6.464351E-04
  1.094000E-06   4.000000E-09   1.186101E-11   2.500521E-11   2.214344E-10   1.000000E+00   0.000000E+00
  1.098000E-06   4.000000E-09   0.000000E+00   0.000000E+00   0.000000E+00   1.000000E+00   0.000000E+00
  1.102000E-06   4.000000E-09   0.000000E+00   0.000000E+00   0.000000E+00   1.000000E+00   0.000000E+00
  1.106000E-06   4.000000E-09   0.000000E+00   0.000000E+00   0.000000E+00   1.000000E+00   0.000000E+00
  1.110000E-06   4.000000E-09   0.000000E+00   0.000000E+00   0.000000E+00   1.000000E+00   0.000000E+00
  1.114000E-06   4.000000E-09   0.000000E+00   0.000000E+00   0.000000E+00   1.000000E+00   0.000000E+00
  1.118000E-06   4.000000E-09   0.000000E+00   0.000000E+00   0.000000E+00   1.000000E+00   0.000000E+00
  1.122000E-06   4.000000E-09   0.000000E+00   0.000000E+00   0.000000E+00   1.000000E+00   0.000000E+00
  1.126000E-06   4.000000E-09   0.000000E+00   0.000000E+00   0.000000E+00   1.000000E+00   0.000000E+00
  1.130000E-06   4.000000E-09   0.000000E+00   0.000000E+00   0.000000E+00   1.000000E+00   0.000000E+00
  1.134000E-06   4.000000E-09   0.000000E+00   0.000000E+00   0.000000E+00   1.000000E+00   0.000000E+00
  1.138000E-06   4.000000E-09   0.000000E+00   0.000000E+00   0.000000E+00   1.000000E+00   0.000000E+00
  1.142000E-06   4.000000E-09   0.000000E+00   0.000000E+00   0.000000E+00   1.000000E+00   0.000000E+00
  1.146000E-06   4.000000E-09   0.000000E+00   0.000000E+00   0.000000E+00   1.000000E+00   0.000000E+00
  1.150000E-06   4.000000E-09   0.000000E+00   0.000000E+00   0.000000E+00   1.000000E+00   0.000000E+00
  1.154000E-06   4.000000E-09   0.000000E+00   0.000000E+00   0.000000E+00   1.000000E+00   0.000000E+00
  1.158000E-06   4.000000E-09   0.000000E+00   0.000000E+00   0.000000E+00   1.000000E+00   0.000000E+00
  1.162000E-06   4.000000E-09   0.000000E+00   0.000000E+00   0.000000E+00   1.000000E+00   0.000000E+00
  1.166000E-06   4.000000E-09   0.000000E+00   0.000000E+00   0.000000E+00   1.000000E+00   0.000000E+00
  1.170000E-06   4.000000E-09   0.000000E+00   0.000000E+00   0.000000E+00   1.000000E+00   0.000000E+00
  1.174000E-06   4.000000E-09   0.000000E+00   0.000000E+00   0.000000E+00   1.000000E+00   0.000000E+00
  1.178000E-06   4.000000E-09   0.000000E+00   0.000000E+00   0.000000E+00   1.000000E+00   0.000000E+00
  1.182000E-06   4.000000E-09   0.000000E+00   0.000000E+00   0.000000E+00   1.000000E+00   0.000000E+00
  1.186000E-06   4.000000E-09   0.000000E+00   0.000000E+00   0.000000E+00   1.000000E+00   0.000000E+00
  1.190000E-06   4.000000E-09   0.000000E+00   0.000000E+00   0.000000E+00   1.000000E+00   0.000000E+00
  1.194000E-06   4.000000E-09   0.000000E+00   0.000000E+00   0.000000E+00   1.000000E+00   0.000000E+00
  1.198000E-06   4.000000E-09   0.000000E+00   0.000000E+00   0.000000E+00   1.000000E+00   0.000000E+00