2.360838622851734e-05
2.355293066079452e-05
2.349772604092902e-05
2.344277484325264e-05
2.338807952990698e-05
2.333364255078501e-05
2.327946634347162e-05
2.322555333319058e-05
2.317190593275475e-05
2.311852654251883e-05
2.306541755033834e-05
2.30125813315298e-05
2.296002024883667e-05
2.290773665239811e-05
2.285573287972121e-05
2.28040112556583e-05
2.275257409238685e-05
2.270142368939357e-05
2.265056233346238e-05
2.259999229866559e-05
2.254971584635987e-05
2.24997352251854e-05
2.245005267106813e-05
2.240067040722639e-05
2.235159064418228e-05
2.23028155797738e-05
2.225434739917393e-05
2.220618827491172e-05
2.215834036689655e-05
2.211080582244664e-05
2.206358677632308e-05
2.20166853507627e-05
2.197010365551953e-05
2.192384378790645e-05
2.187790783284257e-05
2.183229786290166e-05
2.178701593836691e-05
2.174206410728658e-05
2.169744440553424e-05
2.165315885687271e-05
2.160920947302062e-05
2.156559825372242e-05
2.152232718682198e-05
2.147939824833899e-05
2.143681340254948e-05
2.139457460206755e-05
2.13526837879327e-05
2.131114288969925e-05
2.126995382552824e-05
2.12291185022821e-05
2.118863881562406e-05
2.114851665011982e-05
2.110875387934022e-05
2.106935236596983e-05
2.10303139619161e-05
2.099164050842291e-05
2.095333383618479e-05
2.091539576546658e-05
2.087782810622256e-05
2.084063265822157e-05
2.080381121117193e-05
2.076736554485064e-05
2.073129742923385e-05
2.069560862463064e-05
2.06603008818184e-05
2.06253759421819e-05
2.059083553785282e-05
2.055668139185241e-05
2.052291521823694e-05
2.048953872224391e-05
2.045655360044212e-05
2.042396154088182e-05
2.039176422324775e-05
2.035996331901546e-05
2.032856049160565e-05
2.029755739654538e-05
2.026695568162778e-05
2.023675698707252e-05
2.020696294569223e-05
2.017757518305612e-05
2.014859531765789e-05
2.012002496108301e-05
2.009186571818057e-05
2.006411918723209e-05
2.003678696012694e-05
2.000987062253317e-05
1.998337175407554e-05
1.995729192851004e-05
1.993163271390135e-05
1.990639567280196e-05
1.988158236243129e-05
1.985719433485587e-05
1.98332331371708e-05
1.980970031168204e-05
1.978659739608833e-05
1.976392592366522e-05
1.974168742345048e-05
1.971988342042694e-05
1.969851543570822e-05
1.967758498672526e-05
1.965709358741224e-05
1.963704274839301e-05
1.961743397716771e-05
1.959826877830035e-05
1.957954865360537e-05
1.956127510233623e-05
1.954344962137148e-05
1.952607370540294e-05
1.950914884712391e-05
1.949267653741461e-05
1.947665826553107e-05
1.946109551929108e-05
1.944598978526125e-05
1.943134254894334e-05
1.941715529495963e-05
1.940342950723928e-05
1.939016666920212e-05
1.937736826394396e-05
1.936503577441995e-05
1.935317068362748e-05
1.934177447478821e-05
1.933084863153046e-05
1.932039463806853e-05
1.931041397938328e-05
1.930090814140027e-05
1.929187861116786e-05
1.928332687703282e-05
1.927525442881698e-05
1.926766275799007e-05
1.926055335784285e-05
1.925392772365984e-05
1.924778735288711e-05
1.92421337453031e-05
1.923696840318404e-05
1.923229283147071e-05
1.92281085379315e-05
1.922441703332524e-05
1.922121983156049e-05
1.92185184498557e-05
1.921631440889456e-05
1.921460923298208e-05
1.921340445019516e-05
1.921270159253692e-05
1.921250219608125e-05
1.921280780112224e-05
1.921361995231666e-05
1.921494019882705e-05
1.921677009445968e-05
1.921911119780406e-05
1.922196507236456e-05
1.922533328669484e-05
1.922921741452562e-05
1.923361903489354e-05
1.92385397322625e-05
1.924398109664692e-05
1.924994472372942e-05
1.925643221497607e-05
1.92634451777489e-05
1.92709852254153e-05
1.927905397745521e-05
1.928765305956217e-05
1.929678410374447e-05
1.930644874842182e-05
1.931664863851766e-05
1.932738542554941e-05
1.933866076771379e-05
1.935047632997004e-05
1.936283378411874e-05
1.937573480887629e-05
1.938918108994694e-05
1.940317432008911e-05
1.941771619917982e-05
1.943280843427477e-05
1.944845273966057e-05
1.946465083691058e-05
1.948140445492703e-05
1.949871532998683e-05
1.951658520577849e-05
1.95350158334359e-05
1.955400897156721e-05
1.957356638628032e-05
1.959368985120106e-05
1.961438114748906e-05
1.963564206384817e-05
1.96574743965301e-05
1.967987994933626e-05
1.970286053361089e-05
1.97264179682319e-05
1.975055407959487e-05
1.977527070159102e-05
1.980056967558216e-05
1.982645285036701e-05
1.985292208214427e-05
1.987997923446872e-05
1.990762617820104e-05
1.993586479145303e-05
1.996469695952507e-05
1.999412457483983e-05
2.002414953686606e-05
2.005477375204001e-05
2.008599913367688e-05
2.011782760187851e-05
2.015026108343214e-05
2.018330151170379e-05
2.021695082652403e-05
2.025121097406707e-05
2.028608390672154e-05
2.03215715829569e-05
2.035767596717891e-05
2.039439902957879e-05
2.043174274597756e-05
2.046970909765773e-05
2.050830007119051e-05
2.054751765825454e-05
2.058736385544556e-05
2.062784066407799e-05
2.066895008997906e-05
2.071069414327377e-05
2.075307483816093e-05
2.079609419268005e-05
2.083975422847155e-05
2.088405697052372e-05
2.092900444691659e-05
2.097459868854898e-05
2.102084172886211e-05
2.106773560355066e-05
2.111528235026519e-05
2.116348400830331e-05
2.121234261829171e-05
2.126186022185855e-05
2.131203886129358e-05
2.136288057919932e-05
2.141438741813002e-05
2.146656142022175e-05
2.151940462680922e-05
2.157291907803466e-05
2.162710681243818e-05
2.168196986654695e-05
2.17375102744445e-05
2.179373006733109e-05
2.185063127307086e-05
2.190821591572943e-05
2.19664860150961e-05
2.202544358619501e-05
2.208509063878302e-05
2.214542917683505e-05
2.220646119801589e-05
2.226818869313908e-05
2.233061364561215e-05
2.239373803086836e-05
2.245756381578442e-05
2.252209295808472e-05
2.258732740573036e-05
2.26532690962954e-05
2.271991995632674e-05
2.278728190069148e-05
2.285535683190631e-05
2.292414663945624e-05
2.299365319909335e-05
2.306387837212395e-05
2.313482400467721e-05
2.320649192696097e-05
2.327888395249923e-05
2.335200187735322e-05
2.342584747933117e-05
2.350042251717322e-05
2.357572872972846e-05
2.365176783510752e-05
2.372854152982576e-05
2.380605148792223e-05
2.388429936006754e-05
2.396328677264877e-05
2.404301532684242e-05
2.412348659766544e-05
2.420470213301004e-05
2.428666345266043e-05
2.436937204729465e-05
2.445282937745922e-05
2.453703687253688e-05
2.462199592968887e-05
2.470770791277982e-05
2.479417415128468e-05
2.488139593917772e-05
2.496937453379986e-05
2.505811115471404e-05
2.514760698252935e-05
2.523786315772127e-05
2.532888077941886e-05
2.54206609041828e-05
2.551320454476027e-05
2.560651266882038e-05
2.570058619767042e-05
2.579542600495512e-05
2.589103291533306e-05
2.598740770313995e-05
2.608455109102328e-05
2.618246374856841e-05
2.628114629089705e-05
2.638059927725363e-05
2.648082320956572e-05
2.658181853099303e-05
2.6683585624451e-05
2.678612481112136e-05
2.688943634893803e-05
2.699352043106459e-05
2.70983771843407e-05
2.720400666772146e-05
2.73104088706945e-05
2.741758371167865e-05
2.752553103640725e-05
2.763425061629537e-05
2.774374214678601e-05
2.785400524568743e-05
2.79650394514836e-05
2.807684422163981e-05
2.81894189308884e-05
2.830276286949524e-05
2.841687524152108e-05
2.853175516305748e-05
2.864740166046137e-05
2.876381366856755e-05
2.888099002888796e-05
2.899892948780974e-05
2.911763069476631e-05
2.923709220041114e-05
2.935731245477184e-05
2.947828980540174e-05
2.960002249551494e-05
2.972250866212293e-05
2.984574633415208e-05
2.996973343056508e-05
3.009446775846973e-05
3.021994701122535e-05
3.034616876654463e-05
3.047313048459206e-05
3.06008295060794e-05
3.072926305036272e-05
3.085842821353395e-05
3.098832196651951e-05
3.111894115317296e-05
3.125028248837834e-05
3.13823425561536e-05
3.151511780775933e-05
3.164860455981397e-05
3.178279899242023e-05
3.191769714729256e-05
3.205329492590566e-05
3.218958808764485e-05
3.232657224797749e-05
3.246424287663485e-05
3.260259529580959e-05
3.274162467837344e-05
3.288132604611345e-05
3.302169426798873e-05
3.316272405841213e-05
3.330440997554913e-05
3.344674641965211e-05
3.358972763141756e-05
3.37333476903713e-05
3.387760051328937e-05
3.402247985265207e-05
3.416797929512818e-05
3.431409226009983e-05
3.446081199823392e-05
3.460813159008002e-05
3.475604394472274e-05
3.490454179848043e-05
3.505361771364494e-05
3.520326407727255e-05
3.535347310003693e-05
3.55042368151226e-05
3.565554707718554e-05
3.580739556137024e-05
3.595977376238382e-05
3.611267299364466e-05
3.626608438648605e-05
3.641999888943887e-05
3.657440726757632e-05
3.672930010194153e-05
3.688466778904765e-05
3.704050054045642e-05
3.719678838244129e-05
3.735352115573458e-05
3.751068851535681e-05
3.766827993054755e-05
3.782628468477548e-05
3.798469187585273e-05
3.814349041614631e-05
3.83026690328849e-05
3.846221626857862e-05
3.862212048153414e-05
3.878236984649038e-05
3.894295235535351e-05
3.910385581806443e-05
3.926506786356248e-05
3.942657594088659e-05
3.958836732039127e-05
3.975042909509284e-05
3.991274818213804e-05
4.007531132441298e-05
4.023810509227793e-05
4.040111588544527e-05
4.056432993499394e-05
4.072773330552315e-05
4.089131189746489e-05
4.105505144952198e-05
4.121893754127692e-05
4.13829555959397e-05
4.15470908832648e-05
4.17113285226039e-05
4.187565348614806e-05
4.204005060230313e-05
4.220450455925582e-05
4.236899990868954e-05
4.253352106967414e-05
4.26980523327324e-05
4.286257786407697e-05
4.302708171002004e-05
4.319154780156755e-05
4.335595995918637e-05
4.352030189775756e-05
4.368455723171174e-05
4.384870948034873e-05
4.40127420733446e-05
4.417663835644449e-05
4.434038159734771e-05
4.45039549917856e-05
4.466734166978114e-05
4.48305247021124e-05
4.499348710696436e-05
4.515621185678029e-05
4.531868188529704e-05
4.548088009479126e-05
4.564278936351381e-05
4.580439255332148e-05
4.596567251750465e-05
4.612661210881968e-05
4.628719418770947e-05
4.644740163072697e-05
4.660721733915349e-05
4.676662424781567e-05
4.692560533408967e-05
4.708414362711892e-05
4.724222221720309e-05
4.739982426540319e-05
4.755693301332196e-05
4.771353179307856e-05
4.786960403748513e-05
4.802513329039376e-05
4.818010321724372e-05
4.833449761578271e-05
4.848830042698327e-05
4.86414957461224e-05
4.879406783405375e-05
4.894600112865081e-05
4.909728025641998e-05
4.924789004428772e-05
4.939781553155346e-05
4.95470419820022e-05
4.969555489618979e-05
4.984334002387354e-05
4.999038337660078e-05
5.013667124045322e-05
5.028219018893173e-05
5.042692709598418e-05
5.057086914917693e-05
5.071400386299435e-05
5.085631909227896e-05
5.099780304578582e-05
5.113844429986124e-05
5.127823181224838e-05
5.1417154935994e-05
5.155520343346361e-05
5.169236749046758e-05
5.182863773047375e-05
5.196400522891987e-05
5.2098461527609e-05
5.223199864919634e-05
5.236460911173438e-05
5.249628594331274e-05
5.262702269674429e-05
5.275681346432169e-05
5.288565289262834e-05
5.30135361973989e-05
5.314045917842203e-05
5.326641823448704e-05
5.339141037834828e-05
5.351543325174948e-05
5.363848514042576e-05
5.376056498916939e-05
5.388167241687396e-05
5.400180773159241e-05
5.412097194560356e-05
5.423916679046587e-05
5.435639473207903e-05
5.447265898569202e-05
5.45879635309434e-05
5.470231312683208e-05
5.481571332668794e-05
5.492817049309588e-05
5.503969181278023e-05
5.515028531145809e-05
5.525995986863073e-05
5.536872523234023e-05
5.547659203386007e-05
5.558357180232651e-05
5.568967697932197e-05
5.579492093337742e-05
5.589931797442281e-05
5.600288336814641e-05
5.610563335030748e-05
5.62075851409458e-05
5.630875695854544e-05
5.640916803408289e-05
5.65088386250255e-05
5.66077900292328e-05
5.670604459878388e-05
5.680362575370974e-05
5.690055799565429e-05
5.699686692144379e-05
5.709257923658206e-05
5.71877227686517e-05
5.728232648064226e-05
5.73764204842031e-05
5.747003605280401e-05
5.756320563482711e-05
5.765596286659395e-05
5.77483425853046e-05
5.784038084192264e-05
5.793211491399198e-05
5.802358331839014e-05
5.811482582402783e-05
5.820588346450112e-05
5.829679855069923e-05
5.838761468335164e-05
5.847837676556621e-05
5.856913101532768e-05
5.865992497796963e-05
5.875080753863305e-05
5.884182893472873e-05
5.893304076837984e-05
5.902449601888396e-05
5.911624905519194e-05
5.920835564840629e-05
5.930087298431306e-05
5.939385967596565e-05
5.948737577631201e-05
5.95814827908901e-05
5.96762436905898e-05
5.977172292451345e-05
5.986798643292081e-05
5.996510166027391e-05
6.006313756842185e-05
6.016216464989997e-05
6.026225494137083e-05
6.036348203722182e-05
6.046592110334338e-05
6.056964889106264e-05
6.067474375129413e-05
6.078128564887956e-05
6.088935617715723e-05
6.099903857276939e-05
6.11104177306882e-05
6.122358021955091e-05
6.133861429722102e-05
6.145560992667573e-05
6.157465879216698e-05
6.169585431572724e-05
6.181929167397027e-05
6.194506781528742e-05
6.207328147735306e-05
6.220403320502585e-05
6.23374253686499e-05
6.247356218272379e-05
6.261254972501309e-05
6.275449595608814e-05
6.289951073927597e-05
6.304770586109685e-05
6.319919505216773e-05
6.335409400855408e-05
6.351252041364985e-05
6.367459396054954e-05
6.384043637491073e-05
6.401017143839624e-05
6.418392501259173e-05
6.436182506352206e-05
6.454400168669551e-05
6.473058713273036e-05
6.492171583352247e-05
6.511752442905229e-05
6.531815179473141e-05
6.552373906934125e-05
6.57344296836357e-05
6.595036938946707e-05
6.617170628957254e-05
6.639859086795539e-05
6.663117602088184e-05
6.686961708848499e-05
6.711407188699233e-05
6.736470074155793e-05
6.762166651968144e-05
6.788513466528156e-05
6.815527323331396e-05
6.843225292498673e-05
6.87162471235991e-05
6.900743193087694e-05
6.930598620392916e-05
6.961209159269965e-05
6.992593257797855e-05
7.024769650987801e-05
7.057757364683619e-05
7.091575719504334e-05
7.126244334833698e-05
7.161783132846294e-05
7.198212342575512e-05
7.235552504012643e-05
7.273824472237268e-05
7.313049421573393e-05
7.353248849770881e-05
7.394444582198391e-05
7.436658776055142e-05
7.479913924584795e-05
7.524232861293277e-05
7.569638764159297e-05
7.61615515983773e-05
7.663805927837169e-05
7.712615304678947e-05
7.762607888015301e-05
7.813808640710737e-05
7.866242894865669e-05
7.919936355783313e-05
7.974915105862957e-05
8.031205608410652e-05
8.088834711357565e-05
8.147829650871631e-05
8.208218054850043e-05
8.2700279462834e-05
8.333287746469724e-05
8.398026278071199e-05
8.464272767993768e-05
8.532056850074373e-05
8.601408567558585e-05
8.672358375351408e-05
8.744937142022617e-05
8.819176151542199e-05
8.895107104737238e-05
8.972762120431835e-05
9.052173736262537e-05
9.133374909140097e-05
9.216399015328561e-05
9.301279850126207e-05
9.388051627112646e-05
9.476748976940846e-05
9.567406945641488e-05
9.66006099241247e-05
9.754746986862423e-05
9.851501205674606e-05
9.950360328662365e-05
0.0001005136143417441
0.0001015454199382468
0.0001025993986650471
0.0001036759329163635
0.0001047754088163904
0.0001058982161355793
0.0001070447481982231
0.0001082154017808736
0.0001094105770011582
0.0001106306771965789
0.0001118761087928281
0.0001131472811611644
0.0001144446064643656
0.0001157684994907778
0.0001171193774759995
0.0001184976599116506
0.0001199037683407771
0.0001213381261393194
0.0001228011582831704
0.0001242932911002869
0.0001258149520073036
0.0001273665692301284
0.0001289485715080023
0.0001305613877804348
0.0001322054468565404
0.0001338811770661958
0.0001355890058924673
0.000137329359584825
0.0001391026627526068
0.0001409093379381463
0.0001427498051691797
0.0001446244814898943
0.0001465337804702249
0.0001484781116929288
0.0001504578802178833
0.0001524734860233273
0.0001545253234234752
0.0001566137804622486
0.0001587392382826634
0.0001609020704715864
0.0001631026423796382
0.000165341310415746
0.0001676184213164462
0.0001699343113894674
0.000172289305731664
0.0001746837174210631
0.0001771178466830826
0.0001795919800309557
0.0001821063893802897
0.0001846613311381284
0.0001872570452665728
0.0001898937543212376
0.0001925716624649788
0.0001952909544572875
0.0001980517946198192
0.0002008543257787545
0.0002036986681845456
0.0002065849184099608
0.0002095131482272121
0.0002124834034651617
0.0002154957028477527
0.0002185500368147078
0.0002216463663259322
0.0002247846216509351
0.0002279647011448576
0.0002311864700126767
0.0002344497590633934
0.0002377543634560749
0.0002411000414397887
0.000244486513089424
0.0002479134590399102
0.0002513805192209419
0.0002548872915949054
0.000258433330900625
0.0002620181474055764
0.0002656412056696702
0.000269301923323404
0.0002729996698636819
0.0002767337654705387
0.0002805034798480747
0.0002843080310931853
0.0002881465845956474
0.0002920182519732898
0.0002959220900459787
0.0002998570998525389
0.0003038222257142937
0.0003078163543495082
0.000311838314042849
0.0003158868738739488
0.0003199607430093968
0.0003240585700625412
0.0003281789425251857
0.0003323203862757125
0.0003364813651679453
0.0003406602807050147
0.0003448554718025757
0.000349065214645683
0.0003532877226434402
0.0003575211464858067
0.0003617635743062907
0.0003660130319548636
0.0003702674833846289
0.0003745248311562387
0.0003787829170633788
0.0003830395228829284
0.0003872923712528122
0.0003915391266806776
0.0003957773966860341
0.000400004733078552
0.0004042186333745521
0.0004084165423538261
0.0004125958537583771
0.0004167539121344448
0.0004208880148188214
0.0004249954140701126
0.0004290733193452523
0.0004331188997210989
0.0004371292864606504
0.0004411015757230499
0.0004450328314158663
0.0004489200881879108
0.0004527603545605091
0.0004565506161942752
0.0004602878392884783
0.0004639689741091421
0.0004675909586419394
0.0004711507223652345
0.0004746451901380819
0.000478071286197866
0.000481425938261322
0.000484706081722595
0.0004879086639412411
0.0004910306486128204
0.0004940690202142214
0.0004970207885153674
0.0004998829931485515
0.0005026527082263365
0.0005053270469985423
0.0005079031665382654
0.000510378272447015
0.000512749623568155
0.000515014536698061
0.0005171703912838668
0.0005192146340964746
0.0005211447838674774
0.0005229584358782162
0.0005246532664894395
0.0005262270375995353
0.0005276776010196003
0.0005290029027534435
0.0005302009871707132
0.0005312700010613645
0.000532208197559899
0.0005330139399278837
0.0005336857051834857
0.000534222087567051
0.0005346218018320617
0.000534883686350985
0.0005350067060261866
0.0005349899549961926
0.0005348326591282727
0.0005345341782887533
0.0005340940083828911
0.0005335117831569306
0.0005327872757553507
0.000531920400027095
0.0005309112115752276
0.0005297599085450271
0.0005284668321464466
0.0005270324669075038
0.0005254574406559114
0.0005237425242270637
0.000521888630897318
0.000519896815542372
0.0005177682735210297
0.0005155043392860706
0.0005131064847239949
0.0005105763172270181
0.0005079155775007642
0.000505126137112493
0.0005022099957851245
0.0004991692784432539
0.0004960062320180813
0.0004927232220187777
0.0004893227288788321
0.0004858073440861086
0.0004821797661065709
0.0004784427961117453
0.0004745993335207817
0.0004706523713685385
0.0004666049915115562
0.0004624603596841596
0.000458221720417539
0.0004538923918346996
0.0004494757603348824
0.0004449752751809467
0.0004403944430035758
0.0004357368222365155
0.0004310060174966461
0.000426205673923432
0.0004213394714916662
0.0004164111193117972
0.0004114243499318964
0.0004063829136551483
0.0004012905728865796
0.0003961510965225019
0.0003909682543960377
0.000385745811791353
0.000380487524039302
0.0003751971312065076
0.0003698783528895512
0.000364534883125501
0.0003591703854293224
0.0003537884879684555
0.0003483927788839789
0.0003429868017673108
0.0003375740513010209
0.0003321579690710271
0.0003267419395577216
0.0003213292863120225
0.0003159232683222268
0.0003105270765767918
0.0003051438308272024
0.0002997765765547223
0.0002944282821439436
0.0002891018362654931
0.0002838000454694913
0.0002785256319907586
0.0002732812317660271
0.0002680693926629941
0.0002628925729200585
0.0002577531397954729
0.0002526533684236487
0.000247595440875941
0.0002425814454228681
0.0002376133759939407
0.0002326931318310613
0.0002278225173307172
0.0002230032420701648
0.0002182369210119815
0.0002135250748813455
0.0002088691307099274
0.0002042704225399708
0.000199730192281899
0.0001952495907187027
0.0001908296786497911
0.0001864714281673425
0.0001821757240575705
0.0001779433653194665
0.0001737750667935592
0.0001696714608928748
0.0001656330994287591
0.0001616604555236795
0.0001577539256035112
0.0001539138314618858
0.000150140422388957
0.0001464338773574429
0.0001427943072585676
0.0001392217571809292
0.0001357162087253422
0.0001322775823488927
0.0001289057397317883
0.0001256004861605076
0.0001223615729212472
0.000119188699697757
0.0001160815169679478
0.0001130396283938078
0.0001100625931995984
0.0001071499285333517
0.0001043011118071117
0.0001015155830115748
9.879274700104045e-05
9.613197574485374e-05
9.353261054182243e-05
9.099396419432966e-05
8.851532313912714e-05
8.609594953206723e-05
8.373508328427566e-05
8.143194404756152e-05
7.918573314698418e-05
7.69956354589301e-05
7.486082123307773e-05
7.278044785703331e-05
7.075366156245058e-05
6.877959907188426e-05
6.685738918556675e-05
6.498615430771152e-05
6.316501191199348e-05
6.139307594606231e-05
5.966945817511329e-05
5.799326946470753e-05
5.636362100310219e-05
5.477962546360751e-05
5.324039810747558e-05
5.17450578279918e-05
5.029272813664515e-05
4.888253809210633e-05
4.751362317313389e-05
4.618512609629282e-05
4.489619757973642e-05
4.364599705406316e-05
4.243369332164579e-05
4.125846516552738e-05
4.011950190930085e-05
3.901600392927231e-05
3.794718312022185e-05
3.691226331625479e-05
3.591048066804167e-05
3.494108397786438e-05
3.400333499395921e-05
3.309650866547316e-05
3.22198933595572e-05
3.137279104189881e-05
3.055451742219877e-05
2.976440206596092e-05
2.900178847395783e-05
2.826603413085165e-05
2.755651052422508e-05
2.687260313550625e-05
2.62137114041057e-05
2.557924866607284e-05
2.496864206874361e-05
2.438133246258815e-05
2.381677427168556e-05
2.327443534413964e-05
2.275379678378026e-05
2.225435276445671e-05
2.177561032831301e-05
2.131708916933898e-05
2.087832140355192e-05
2.045885132716408e-05
2.005823516403579e-05
1.967604080381933e-05
1.931184753203392e-05
1.896524575347808e-05
1.863583671020017e-05
1.832323219541977e-05
1.802705426453841e-05
1.774693494456207e-05
1.748251594305983e-05
1.723344835783075e-05
1.699939238831551e-05
