11972.07698474682
11624.23879875952
11262.99170085762
10889.96437671796
10506.81161276239
10115.20328400617
9716.813414809421
9313.309403423782
8906.341498440986
8497.532611616525
8088.4685471117
7680.688722029039
7275.677447271383
6874.855831309248
6479.574362469324
6091.106217943922
5710.641339951721
5339.281311444818
4978.035055546165
4627.815374607178
4289.436336487515
3963.611507469154
3650.953023209565
3351.971481399044
3067.076632392436
2796.578837109595
2540.691255008276
2299.532718988493
2073.13124874042
1861.428149343979
1664.282637902988
1481.476937677982
1312.721776587796
1157.662225091528
1015.883807339392
886.9188190868601
770.2527861849633
665.3309984670082
571.5650555172515
488.3393630919115
415.0175218232291
350.9485532228971
295.4729118575789
247.9282368375634
207.654800378067
174.0006160968992
146.3261748366493
124.0087810777577
106.4464683748117
93.06147763708124
83.30328742249006
76.65119066127268
72.61641731408204
70.74380734580727
70.61304301171278
71.83945376256968
74.0744110413244
77.00533383232076
80.35532900777864
83.88249327380649
87.37890583441798
90.66934275768126
93.60974544005616
96.08547652579698
98.00939715623925
99.31979951228313
99.97822829084402
99.96722404527407
99.28802024762292
97.95822452749108
96.00951284140798
93.48536336393713
90.43885470461095
86.93055068221376
83.02649136941406
78.79630749598164
74.3114726071489
69.64370465344449
64.86352597657209
60.03898798778163
55.23456424361048
50.51021313919931
45.92060908905329
41.51453887340777
37.33445781622671
33.41619864576661
29.78882428446497
26.47461443193993
23.48917464981747
20.84165573309208
18.53507045957406
16.56669434320329
14.92853677212718
13.6078688791457
12.58779465858905
11.84785219583826
11.3646323975173
11.11240328427517
11.0637287151468
11.19007133293464
11.46237053347508
11.8515873473838
12.32920926030009
12.86770916651909
13.44095383161175
14.02455841348053
14.59618474072678
15.13578215600778
15.62577078554477
16.0511680811043
16.39966038637559
16.66162209634517
16.83008569856876
16.9006666036332
16.87144718496773
16.74282485375799
16.51732929308515
16.19941416830169
15.79522872140238
15.31237465052742
14.75965357781991
14.14681022685205
13.48427617288524
12.7829187042629
12.05379895075911
11.30794300463055
10.55612929256637
9.808694961872311
9.075363532093043
8.365095543631215
7.685963417077549
7.045051229689358
6.448379626826101
5.900855623479248
5.406246620775089
4.967177570020819
4.585149867083134
4.260580256228946
3.992857767617477
3.780416508029131
3.620821970807968
3.510868428120768
3.446684915375921
3.423847312076524
3.43749406286338
3.482443163751919
3.553308157755263
3.644611036932926
3.750890129777433
3.8668012588612
3.987210678770294
4.107278543446633
4.222531900076596
4.328926458651022
4.422896637530705
4.5013936313051
4.561911483792781
4.602501372453255
4.621774517453955
4.618894316328981
4.593558471243831
4.545972018519429
4.476812287971291
4.387186911996674
4.278586070913041
4.152830202011442
4.012014415789674
3.858450854939947
3.694610201327339
3.523063485183961
3.346425281115117
3.167299289553494
2.988227202468043
2.81164164102107
2.639823833124618
2.474866573148297
2.318642877016829
2.172780616169237
2.038643285776038
1.917316938508853
1.809603197120436
1.716018148991621
1.636796825262778
1.571902877555365
1.521042987698331
1.483685481117039
1.459082563154884
1.446295559837764
1.444222520453584
1.45162752854288
1.467171069989612
1.489440821154782
1.516982245513335
1.548328422974823
1.582028580794604
1.61667484741081
1.650926809292518
1.683533514528047
1.71335263397182
1.739366559865864
1.760695291554885
1.776606026879012
1.786519444794519
1.790012728579962
1.786819438590898
1.776826398019611
1.760067803728003
1.736716816332017
1.707074918857584
1.671559361149452
1.630689027635183
1.585069079015959
1.53537472410255
1.482334476600517
1.426713243553567
1.369295577867065
1.310869407435177
1.252210528542962
1.194068122128195
1.137151518929318
1.082118404307598
1.029564616415473
0.9800156531880789
0.933919965140669
0.8916440729079415
0.8534695115637995
0.8195915686571761
0.7901197501708629
0.7650798787619134
0.744417702100724
0.7280038662344267
0.715640089915428
0.7070663609280878
0.7019689646996581
0.6999891488970721
0.7007322252104715
0.7037769109557287
0.7086847182719785
0.7150092072668032
0.7223049311400576
0.7301359157227323
0.7380835325918549
0.7457536435333263
0.7527829141742047
0.7588442156407077
0.7636510546676996
0.7669609942506035
0.7685780482720428
0.7683540541596395
0.7661890471776469
0.762030678100616
0.7558727324816169
0.7477528242754893
0.7377493490222171
0.7259777919986575
0.7125864946201573
0.6977519878771835
0.6816740047334814
0.6645702842439337
0.6466712787661163
0.6282148721716561
0.6094412115776365
0.5905877480088675
0.5718845727873868
0.5535501265629955
0.5357873469979161
0.5187803094576589
0.5026914028992774
0.4876590707446757
0.4737961341311262
0.4611887027816304
0.4498956670569274
0.439948753741793
0.431353117961575
0.4240884344766917
0.418110443592353
0.4133529001497501
0.409729868606282
0.4071383031107194
0.4054608487507027
0.4045687987842002
0.4043251426267681
0.4045876405928105
0.4052118637995664
0.4060541411366272
0.4069743596645092
