<X>                    <Y>
2.000000000000000e-03  4.539228896270102e+02
2.009023600000000e-03  4.507159222616119e+02
2.018087800000000e-03  4.475028875690117e+02
2.027193000000000e-03  4.442839202986789e+02
2.036339300000000e-03  4.410592654821397e+02
2.045526800000000e-03  4.378291716566885e+02
2.054755700000000e-03  4.345938558378178e+02
2.064026300000000e-03  4.313535040172962e+02
2.073338800000000e-03  4.281083412807479e+02
2.082693200000000e-03  4.248586659645537e+02
2.092089900000000e-03  4.216046410940971e+02
2.101528900000000e-03  4.183465722805165e+02
2.111010600000000e-03  4.150846306839833e+02
2.120535000000000e-03  4.118191291269565e+02
2.130102400000000e-03  4.085502809752519e+02
2.139712900000000e-03  4.052783718317037e+02
2.149366800000000e-03  4.020036228555259e+02
2.159064300000000e-03  3.987262931840515e+02
2.168805500000000e-03  3.954466792848635e+02
2.178590700000000e-03  3.921650138583786e+02
2.188420000000000e-03  3.888816004739583e+02
2.198293700000000e-03  3.855966793958888e+02
2.208211900000000e-03  3.823105611623157e+02
2.218174900000000e-03  3.790234934768683e+02
2.228182800000000e-03  3.757357936941080e+02
2.238235900000000e-03  3.724477168127249e+02
2.248334300000000e-03  3.691595868312764e+02
2.258478300000000e-03  3.658716658787929e+02
2.268668000000000e-03  3.625842844046985e+02
2.278903800000000e-03  3.592976794507385e+02
2.289185700000000e-03  3.560122200469477e+02
2.299514000000000e-03  3.527281820104181e+02
2.309888900000000e-03  3.494458764769632e+02
2.320310600000000e-03  3.461656176527509e+02
2.330779300000000e-03  3.428877227488423e+02
2.341295300000000e-03  3.396124808511881e+02
2.351858700000000e-03  3.363402463727992e+02
2.362469800000000e-03  3.330713144028948e+02
2.373128700000000e-03  3.298060445331486e+02
2.383835800000000e-03  3.265447071834956e+02
2.394591100000000e-03  3.232876975212456e+02
2.405395000000000e-03  3.200352917071345e+02
2.416247600000000e-03  3.167878592269823e+02
2.427149200000000e-03  3.135457118399792e+02
2.438099900000000e-03  3.103092231703185e+02
2.449100100000000e-03  3.070786803780132e+02
2.460149900000000e-03  3.038544613902282e+02
2.471249600000000e-03  3.006368874955851e+02
2.482399300000000e-03  2.974263399465492e+02
2.493599300000000e-03  2.942231438995699e+02
2.504849900000000e-03  2.910276268667016e+02
2.516151200000000e-03  2.878401748244025e+02
2.527503600000000e-03  2.846610905801931e+02
2.538907100000000e-03  2.814907905752268e+02
2.550362100000000e-03  2.783295807342397e+02
2.561868800000000e-03  2.751778241601828e+02
2.573427300000000e-03  2.720359118679514e+02
2.585038100000000e-03  2.689041272541848e+02
2.596701200000000e-03  2.657828900818628e+02
2.608417000000000e-03  2.626725130636289e+02
2.620185600000000e-03  2.595733895727520e+02
2.632007300000000e-03  2.564858602219265e+02
2.643882300000000e-03  2.534102922496571e+02
2.655810900000000e-03  2.503470271363421e+02
2.667793300000000e-03  2.472964322476000e+02
2.679829800000000e-03  2.442588493184519e+02
2.691920600000000e-03  2.412346452089230e+02
2.704066000000000e-03  2.382241612686704e+02
2.716266200000000e-03  2.352277631930814e+02
2.728521300000000e-03  2.322458397155237e+02
2.740831800000000e-03  2.292786813387675e+02
2.753197900000000e-03  2.263266510601026e+02
2.765619700000000e-03  2.233901336869687e+02
2.778097600000000e-03  2.204694413193880e+02
2.790631700000000e-03  2.175649550011271e+02
2.803222400000000e-03  2.146769840933910e+02
2.815870000000000e-03  2.118058599516275e+02
2.828574600000000e-03  2.089519569021899e+02
2.841336500000000e-03  2.061156012391587e+02
2.854155900000000e-03  2.032971390071533e+02
2.867033300000000e-03  2.004968480998513e+02
2.879968700000000e-03  1.977151127463267e+02
2.892962500000000e-03  1.949522269934247e+02
2.906014900000000e-03  1.922085247314942e+02
2.919126200000000e-03  1.894843150930700e+02
2.932296600000000e-03  1.867799242821967e+02
2.945526500000000e-03  1.840956336394391e+02
2.958816100000000e-03  1.814317615644170e+02
2.972165600000000e-03  1.787886214982931e+02
2.985575400000000e-03  1.761664828421953e+02
2.999045600000000e-03  1.735656691232669e+02
3.012576700000000e-03  1.709864215141644e+02
3.026168800000000e-03  1.684290530769590e+02
3.039822200000000e-03  1.658938329409635e+02
3.053537200000000e-03  1.633810249448099e+02
3.067314100000000e-03  1.608908874157912e+02
3.081153100000000e-03  1.584236906532840e+02
3.095054600000000e-03  1.559796631002987e+02
3.109018800000000e-03  1.535590624343295e+02
3.123046000000000e-03  1.511621219864045e+02
3.137136500000000e-03  1.487890684723058e+02
3.151290600000000e-03  1.464401217730613e+02
3.165508500000000e-03  1.441155109436192e+02
3.179790600000000e-03  1.418154248234979e+02
3.194137100000000e-03  1.395400772218939e+02
3.208548300000000e-03  1.372896577772846e+02
3.223024600000000e-03  1.350643329675085e+02
3.237566200000000e-03  1.328642921372468e+02
3.252173400000000e-03  1.306897005660892e+02
3.266846500000000e-03  1.285407150018209e+02
3.281585800000000e-03  1.264174834588813e+02
3.296391600000000e-03  1.243201450201436e+02
3.311264200000000e-03  1.222488296423121e+02
3.326203800000000e-03  1.202036715364395e+02
3.341210900000000e-03  1.181847544608605e+02
3.356285800000000e-03  1.161921805745299e+02
3.371428600000000e-03  1.142260679014597e+02
3.386639700000000e-03  1.122864846614644e+02
3.401919500000000e-03  1.103734898046963e+02
3.417268200000000e-03  1.084871571881483e+02
3.432686200000000e-03  1.066275253383258e+02
3.448173700000000e-03  1.047946464664153e+02
3.463731100000000e-03  1.029885380773757e+02
3.479358700000000e-03  1.012092189037008e+02
3.495056800000000e-03  9.945669660318485e+01
3.510825700000000e-03  9.773096764005393e+01
3.526665800000000e-03  9.603200655701417e+01
3.542577300000000e-03  9.435979815574227e+01
3.558560700000000e-03  9.271428430713806e+01
3.574616100000000e-03  9.109543689854097e+01
3.590744000000000e-03  8.950317538765712e+01
3.606944600000000e-03  8.793743784967880e+01
3.623218400000000e-03  8.639812166747033e+01
3.639565600000000e-03  8.488514147239349e+01
3.655986500000000e-03  8.339839024623934e+01
3.672481500000000e-03  8.193774031090717e+01
3.689050900000000e-03  8.050306141669122e+01
3.705695100000000e-03  7.909420301788077e+01
3.722414400000000e-03  7.771101159350246e+01
3.739209100000000e-03  7.635332171819007e+01
3.756079600000000e-03  7.502094829472632e+01
3.773026200000000e-03  7.371370276313688e+01
3.790049300000000e-03  7.243137735296170e+01
3.807149100000000e-03  7.117376784472597e+01
3.824326100000000e-03  6.994063643107064e+01
3.841580700000000e-03  6.873174210378819e+01
3.858913000000000e-03  6.754685337899741e+01
3.876323600000000e-03  6.638569322406443e+01
3.893812700000000e-03  6.524800114805599e+01
3.911380700000000e-03  6.413349249638453e+01
3.929028000000000e-03  6.304187244135357e+01
3.946754900000000e-03  6.197284209970574e+01
3.964561800000000e-03  6.092608635099451e+01
3.982449100000000e-03  5.990128045535249e+01
4.000417000000000e-03  5.889810128470019e+01
4.018466000000000e-03  5.791619928350092e+01
4.036596400000000e-03  5.695522700247878e+01
4.054808700000000e-03  5.601481758527595e+01
4.073103100000000e-03  5.509461121189618e+01
4.091480000000000e-03  5.419422924271625e+01
4.109939900000000e-03  5.331328054967159e+01
4.128483000000000e-03  5.245138079409860e+01
4.147109800000000e-03  5.160812412964064e+01
4.165820700000000e-03  5.078310276193899e+01
4.184616000000000e-03  4.997590671367234e+01
4.203496000000000e-03  4.918611952338637e+01
4.222461300000000e-03  4.841330660314722e+01
4.241512100000000e-03  4.765704465733093e+01
4.260648900000000e-03  4.691689330637663e+01
4.279872000000000e-03  4.619241564541350e+01
4.299181800000000e-03  4.548316683960629e+01
4.318578800000000e-03  4.478869507137245e+01
4.338063300000000e-03  4.410855279477077e+01
4.357635600000000e-03  4.344228961626212e+01
4.377296300000000e-03  4.278944298284554e+01
4.397045700000000e-03  4.214955911091363e+01
4.416884200000000e-03  4.152217980589489e+01
4.436812300000000e-03  4.090684338709342e+01
4.456830200000000e-03  4.030309750267046e+01
4.476938400000000e-03  3.971048115478504e+01
4.497137400000000e-03  3.912853482883175e+01
4.517427500000000e-03  3.855680660263543e+01
4.537809100000000e-03  3.799484391325905e+01
4.558282700000000e-03  3.744219444210872e+01
4.578848700000000e-03  3.689841219940309e+01
4.599507400000000e-03  3.636305782559936e+01
4.620259400000000e-03  3.583568886606445e+01
4.641105000000000e-03  3.531587590528046e+01
4.662044600000000e-03  3.480319274165927e+01
4.683078800000000e-03  3.429721482530809e+01
4.704207800000000e-03  3.379753431380387e+01
4.725432100000000e-03  3.330374371252871e+01
4.746752200000000e-03  3.281544384748911e+01
4.768168500000000e-03  3.233224666264964e+01
4.789681500000000e-03  3.185377119980446e+01
4.811291500000000e-03  3.137965084940939e+01
4.832999000000000e-03  3.090952500755555e+01
4.854804400000000e-03  3.044304627793727e+01
4.876708200000000e-03  2.997987666669049e+01
4.898710800000000e-03  2.951969237967424e+01
4.920812700000000e-03  2.906218009498270e+01
4.943014400000000e-03  2.860703959640991e+01
4.965316200000000e-03  2.815398828490935e+01
4.987718600000000e-03  2.770275343831523e+01
5.010222100000000e-03  2.725307680271774e+01
5.032827100000000e-03  2.680471698005113e+01
5.055534100000000e-03  2.635744582624230e+01
5.078343600000000e-03  2.591105084161521e+01
5.101255900000000e-03  2.546533939472059e+01
5.124271700000000e-03  2.502012736172239e+01
5.147391300000000e-03  2.457525498553500e+01
5.170615200000000e-03  2.413057548307263e+01
5.193943800000000e-03  2.368596108480919e+01
5.217377800000000e-03  2.324129562604831e+01
5.240917400000000e-03  2.279648992762971e+01
5.264563300000000e-03  2.235146296211350e+01
5.288315800000000e-03  2.190615899034535e+01
5.312175600000000e-03  2.146053257683562e+01
5.336142900000000e-03  2.101456548342213e+01
5.360218400000000e-03  2.056824799238609e+01
5.384402600000000e-03  2.012159194612927e+01
5.408695800000000e-03  1.967463060150751e+01
5.433098700000000e-03  1.922740746752851e+01
5.457611600000000e-03  1.877999086736962e+01
5.482235100000000e-03  1.833246089477998e+01
5.506969800000000e-03  1.788491470880067e+01
5.531816000000000e-03  1.743747164709329e+01
5.556774400000000e-03  1.699026025977446e+01
5.581845300000000e-03  1.654343234956619e+01
5.607029400000000e-03  1.609714823280461e+01
5.632327000000000e-03  1.565159054532907e+01
5.657738900000000e-03  1.520694783325418e+01
5.683265300000000e-03  1.476343336241098e+01
5.708907000000000e-03  1.432126355102215e+01
5.734664300000000e-03  1.388067649368464e+01
5.760537900000000e-03  1.344191575675509e+01
5.786528100000000e-03  1.300524336118460e+01
5.812635700000000e-03  1.257092382887616e+01
5.838861000000000e-03  1.213924020901759e+01
5.865204700000000e-03  1.171047825946446e+01
5.891667200000000e-03  1.128493716613169e+01
5.918249100000000e-03  1.086292048250860e+01
5.944950900000000e-03  1.044474009187980e+01
5.971773300000000e-03  1.003071056305647e+01
5.998716600000000e-03  9.621157466776145e+00
6.025781500000000e-03  9.216404033340334e+00
6.052968500000000e-03  8.816779372260996e+00
6.080278100000000e-03  8.422614317816945e+00
6.107711000000000e-03  8.034237562168114e+00
6.135267700000000e-03  7.651980355966527e+00
6.162948600000000e-03  7.276173790903726e+00
6.190754500000000e-03  6.907140981794103e+00
6.218685800000000e-03  6.545206819908686e+00
6.246743200000000e-03  6.190687498368177e+00
6.274927100000000e-03  5.843897169458550e+00
6.303238200000000e-03  5.505139253688210e+00
6.331677000000000e-03  5.174711568427004e+00
6.360244200000000e-03  4.852900449098611e+00
6.388940200000000e-03  4.539985385346320e+00
6.417765700000000e-03  4.236231195215708e+00
6.446721200000000e-03  3.941892519320537e+00
6.475807400000000e-03  3.657208585142393e+00
6.505024800000000e-03  3.382406277642098e+00
6.534374100000000e-03  3.117695262348613e+00
6.563855700000000e-03  2.863271662591548e+00
6.593470400000000e-03  2.619310955254873e+00
6.623218700000000e-03  2.385973264139341e+00
6.653101200000000e-03  2.163399070806572e+00
6.683118500000000e-03  1.951709350022814e+00
6.713271300000000e-03  1.751004231271832e+00
6.743560100000000e-03  1.561364380704335e+00
6.773985600000000e-03  1.382847765049797e+00
6.804548300000000e-03  1.215491648048677e+00
6.835248900000000e-03  1.059309802713004e+00
6.866088100000000e-03  9.142934311107829e-01
6.897066400000000e-03  7.804116917400823e-01
6.928184400000000e-03  6.576099747018487e-01
6.959442800000000e-03  5.458099510804897e-01
6.990842300000000e-03  4.449099982896801e-01
7.022383500000000e-03  3.547854861217244e-01
7.054066900000000e-03  2.752887061408194e-01
7.085893300000000e-03  2.062480982396263e-01
7.117863300000000e-03  1.474698698148532e-01
7.149977500000000e-03  9.873775884740621e-02
7.182236700000000e-03  5.981328121312973e-02
7.214641300000000e-03  3.043702798104245e-02
7.247192200000000e-03  1.032828121063202e-02
7.279890000000000e-03  -8.133989312298882e-04
7.312735200000000e-03  -3.307781515489069e-03
7.345728700000000e-03  2.506951558838415e-03
7.378871000000000e-03  1.627523205227641e-02
7.412162800000000e-03  3.762512916324401e-02
7.445604900000000e-03  6.616960174530220e-02
7.479197800000000e-03  1.015073239077879e-01
7.512942300000000e-03  1.432244570179209e-01
7.546839100000000e-03  1.908956510794728e-01
7.580888700000000e-03  2.440851766285554e-01
7.615092000000000e-03  3.023492920427449e-01
7.649449700000000e-03  3.652368689051814e-01
7.683962300000000e-03  4.322907932192130e-01
7.718630600000000e-03  5.030504912324593e-01
7.753455400000000e-03  5.770530309903161e-01
7.788437300000000e-03  6.538342952032329e-01
7.823577000000000e-03  7.329312511449060e-01
7.858875300000000e-03  8.138836439034824e-01
7.894332800000001e-03  8.962349730450349e-01
7.929950300000000e-03  9.795350678849457e-01
7.965728500000000e-03  1.063341044208490e+00
8.001668100000000e-03  1.147219160113882e+00
8.037769900000000e-03  1.230746645642413e+00
8.074034500000001e-03  1.313512568021963e+00
8.110462800000001e-03  1.395120493454690e+00
8.147055400000000e-03  1.475188579988428e+00
8.183813099999999e-03  1.553352105945165e+00
8.220736700000000e-03  1.629264332456767e+00
8.257826899999999e-03  1.702597555619986e+00
8.295084400000000e-03  1.773044497210583e+00
8.332510000000000e-03  1.840319555549201e+00
8.370104400000000e-03  1.904159400793801e+00
8.407868500000000e-03  1.964324354123511e+00
8.445802900000000e-03  2.020598318751716e+00
8.483908500000000e-03  2.072790370598983e+00
8.522186100000001e-03  2.120734621476763e+00
8.560636300000000e-03  2.164290553895669e+00
8.599259999999999e-03  2.203343872172444e+00
8.638058000000001e-03  2.237806108438421e+00
8.677031000000000e-03  2.267614666231233e+00
8.716179900000001e-03  2.292732900817394e+00
8.755505300000001e-03  2.313149473052067e+00
8.795008300000001e-03  2.328878368645197e+00
8.834689400000000e-03  2.339957786126678e+00
8.874549600000000e-03  2.346449899126992e+00
8.914589600000000e-03  2.348439733487883e+00
8.954810299999999e-03  2.346034310415174e+00
8.995212400000001e-03  2.339361532649325e+00
9.035796800000001e-03  2.328568949626492e+00
9.076564400000001e-03  2.313822416776480e+00
9.117515800000000e-03  2.295304820697354e+00
9.158652000000000e-03  2.273214278676042e+00
9.199973900000000e-03  2.247762689840161e+00
9.241482100000000e-03  2.219174237993733e+00
9.283177700000001e-03  2.187683109199718e+00
9.325061300000000e-03  2.153532370874183e+00
9.367133999999999e-03  2.116971372181545e+00
9.409396400000001e-03  2.078254678116402e+00
9.451849500000000e-03  2.037639408178067e+00
9.494494200000000e-03  1.995383765132706e+00
9.537331300000000e-03  1.951745172286870e+00
9.580361600000000e-03  1.906978321930716e+00
9.623586100000000e-03  1.861333140832882e+00
9.667005600000000e-03  1.815053443012117e+00
9.710620999999999e-03  1.768374921827658e+00
9.754433200000001e-03  1.721523641107471e+00
9.798443100000000e-03  1.674714518522343e+00
9.842651500000001e-03  1.628150021846549e+00
9.887059400000000e-03  1.582018563733631e+00
9.931667599999999e-03  1.536493766346247e+00
9.976477100000001e-03  1.491733033628116e+00
1.002148900000000e-02  1.447876809539357e+00
1.006670400000000e-02  1.405048360998990e+00
1.011212200000000e-02  1.363353550099853e+00
1.015774600000000e-02  1.322876947355550e+00
1.020357500000000e-02  1.283688100714335e+00
1.024961200000000e-02  1.245834444680396e+00
1.029585600000000e-02  1.209348319847077e+00
1.034230800000000e-02  1.174242238359052e+00
1.038897100000000e-02  1.140509758980968e+00
1.043584300000000e-02  1.108131249236624e+00
1.048292800000000e-02  1.077066898576493e+00
1.053022400000000e-02  1.047266064469214e+00
1.057773400000000e-02  1.018661135551699e+00
1.062545900000000e-02  9.911735032169398e-01
1.067339800000000e-02  9.647147624146697e-01
1.072155400000000e-02  9.391849693332254e-01
1.076992800000000e-02  9.144777474243928e-01
1.081851900000000e-02  8.904818460820114e-01
1.086733000000000e-02  8.670799973655623e-01
1.091636100000000e-02  8.441542858785507e-01
1.096561300000000e-02  8.215860516507623e-01
1.101508800000000e-02  7.992578366467753e-01
1.106478500000000e-02  7.770570552940439e-01
1.111470700000000e-02  7.548746761001697e-01
1.116485400000000e-02  7.326101262188007e-01
1.121522800000000e-02  7.101707341791700e-01
1.126582800000000e-02  6.874755317821948e-01
1.131665700000000e-02  6.644535694168880e-01
1.136771600000000e-02  6.410478801691339e-01
1.141900400000000e-02  6.172166551698869e-01
1.147052400000000e-02  5.929314076825213e-01
1.152227700000000e-02  5.681804713954245e-01
1.157426300000000e-02  5.429691106160918e-01
1.162648300000000e-02  5.173188714125108e-01
1.167893900000000e-02  4.912676256543670e-01
1.173163200000000e-02  4.648703957881213e-01
1.178456300000000e-02  4.381984738110115e-01
1.183773200000000e-02  4.113392868651184e-01
1.189114100000000e-02  3.843940016656259e-01
1.194479200000000e-02  3.574774331606984e-01
1.199868400000000e-02  3.307182179298745e-01
1.205281900000000e-02  3.042542635781268e-01
1.210719900000000e-02  2.782325590805825e-01
1.216182400000000e-02  2.528082144932873e-01
1.221669600000000e-02  2.281404985632775e-01
1.227181500000000e-02  2.043925116543076e-01
1.232718200000000e-02  1.817275088750213e-01
1.238280000000000e-02  1.603062741723869e-01
1.243866800000000e-02  1.402870716876156e-01
1.249478900000000e-02  1.218201736387039e-01
1.255116300000000e-02  1.050480572956624e-01
1.260779100000000e-02  9.010162460224848e-02
1.266467400000000e-02  7.709835188407600e-02
1.272181400000000e-02  6.614002349048941e-02
1.277921200000000e-02  5.731126224246112e-02
1.283686900000000e-02  5.067750893659881e-02
1.289478700000000e-02  4.628345156148897e-02
1.295296500000000e-02  4.415202782976568e-02
1.301140600000000e-02  4.428300793554960e-02
1.307011100000000e-02  4.665272428825340e-02
1.312908000000000e-02  5.121341606826611e-02
1.318831600000000e-02  5.789353899482351e-02
1.324781800000000e-02  6.659744109454313e-02
1.330759000000000e-02  7.720709812707528e-02
1.336763100000000e-02  8.958164616122255e-02
1.342794200000000e-02  1.035597282927196e-01
1.348852600000000e-02  1.189614248837284e-01
1.354938400000000e-02  1.355892711473529e-01
1.361051500000000e-02  1.532303070358075e-01
1.367192300000000e-02  1.716606301457904e-01
1.373360800000000e-02  1.906455695407713e-01
1.379557100000000e-02  2.099440305353165e-01
1.385781300000000e-02  2.293113007995054e-01
1.392033700000000e-02  2.485028505724002e-01
1.398314200000000e-02  2.672757223327691e-01
1.404623100000000e-02  2.853942281337613e-01
1.410960500000000e-02  3.026313179115279e-01
1.417326400000000e-02  3.187720776490284e-01
1.423721100000000e-02  3.336176998933719e-01
1.430144600000000e-02  3.469867336193310e-01
1.436597100000000e-02  3.587188164356621e-01
1.443078700000000e-02  3.686762223043423e-01
1.449589500000000e-02  3.767460071675269e-01
1.456129800000000e-02  3.828416936839003e-01
1.462699500000000e-02  3.869038046946041e-01
1.469298900000000e-02  3.889013061147680e-01
1.475928000000000e-02  3.888313492088005e-01
1.482587100000000e-02  3.867192511935694e-01
1.489276200000000e-02  3.826178412731526e-01
1.495995500000000e-02  3.766062689893510e-01
1.502745100000000e-02  3.687885648743627e-01
1.509525200000000e-02  3.592915050434886e-01
1.516335800000000e-02  3.482626720295471e-01
1.523177200000000e-02  3.358670140452836e-01
1.530049400000000e-02  3.222848270787845e-01
1.536952700000000e-02  3.077074542909388e-01
1.543887100000000e-02  2.923350542935453e-01
1.550852700000000e-02  2.763722808250593e-01
1.557849900000000e-02  2.600241723209819e-01
1.564878500000000e-02  2.434946872980312e-01
1.571938900000000e-02  2.269804302327105e-01
1.579031200000000e-02  2.106694400774075e-01
1.586155400000000e-02  1.947376060172090e-01
1.593311800000000e-02  1.793449618031703e-01
1.600500500000000e-02  1.646343651795514e-01
1.607721600000000e-02  1.507289666497933e-01
1.614975200000000e-02  1.377305904011620e-01
1.622261700000000e-02  1.257181255176092e-01
1.629580900000000e-02  1.147484051636529e-01
1.636933300000000e-02  1.048539926067786e-01
1.644318700000000e-02  9.604568609605645e-02
1.651737500000000e-02  8.831164947050485e-02
1.659189800000000e-02  8.162000327132526e-02
1.666675700000000e-02  7.592025385014924e-02
1.674195400000000e-02  7.114549877673812e-02
1.681749000000000e-02  6.721518687190774e-02
1.689336700000000e-02  6.403787738318414e-02
1.696958600000000e-02  6.151443942942292e-02
1.704614900000000e-02  5.954118574264274e-02
1.712305800000000e-02  5.801318203021820e-02
1.720031300000000e-02  5.682747794341773e-02
1.727791700000000e-02  5.588609524702801e-02
1.735587100000000e-02  5.509896851495337e-02
1.743417700000000e-02  5.438644888317440e-02
1.751283600000000e-02  5.368150174316753e-02
1.759185000000000e-02  5.293142382783711e-02
1.767122100000000e-02  5.209909425540721e-02
1.775095000000000e-02  5.116369670714736e-02
1.783103800000000e-02  5.012086686001947e-02
1.791148800000000e-02  4.898225176933532e-02
1.799230000000000e-02  4.777460943429893e-02
1.807347800000000e-02  4.653820956010492e-02
1.815502100000000e-02  4.532497797544828e-02
1.823693300000000e-02  4.419592628001638e-02
1.831921400000000e-02  4.321850509336113e-02
1.840186600000000e-02  4.246346353579827e-02
1.848489100000000e-02  4.200165514811374e-02
1.856829100000000e-02  4.190074334104830e-02
1.865206700000000e-02  4.222194006271969e-02
1.873622100000000e-02  4.301689810457394e-02
1.882075500000000e-02  4.432487844184559e-02
1.890567000000000e-02  4.617025193329594e-02
1.899096800000000e-02  4.856051943221847e-02
1.907665100000000e-02  5.148484216810092e-02
1.916272100000000e-02  5.491319217176410e-02
1.924917900000000e-02  5.879611798005051e-02
1.933602700000000e-02  6.306533118179151e-02
1.942326700000000e-02  6.763487669540916e-02
1.951090000000000e-02  7.240295658115782e-02
1.959892900000000e-02  7.725460881256964e-02
1.968735500000000e-02  8.206457608367619e-02
1.977618000000000e-02  8.670103651960513e-02
1.986540600000000e-02  9.102948718740302e-02
1.995503400000000e-02  9.491688853235659e-02
2.004506700000000e-02  9.823609416444798e-02
2.013550600000000e-02  1.008699372960441e-01
2.022635300000000e-02  1.027154287145482e-01
2.031761000000000e-02  1.036874418588034e-01
2.040927800000000e-02  1.037219700651991e-01
2.050136100000000e-02  1.027787617160120e-01
2.059385800000000e-02  1.008432938572603e-01
2.068677300000000e-02  9.792778312904386e-02
2.078010700000000e-02  9.407154079697275e-02
2.087386300000000e-02  8.934018155098969e-02
2.096804100000000e-02  8.382428347658212e-02
2.106264400000000e-02  7.763664708684642e-02
2.115767400000000e-02  7.090925019405432e-02
2.125313300000000e-02  6.378926024773050e-02
2.134902200000000e-02  5.643459607278618e-02
2.144534400000000e-02  4.900876040095677e-02
2.154210100000000e-02  4.167588812530257e-02
2.163929400000000e-02  3.459550748289883e-02
2.173692600000000e-02  2.791721858982001e-02
2.183499800000000e-02  2.177621589656706e-02
2.193351300000000e-02  1.628876994823025e-02
2.203247200000000e-02  1.154891351285034e-02
2.213187800000000e-02  7.625489049291043e-03
2.223173200000000e-02  4.560549827360630e-03
2.233203700000000e-02  2.368432533476988e-03
2.243279400000000e-02  1.036163119145047e-03
2.253400600000000e-02  5.246966167058303e-04
2.263567400000000e-02  7.712896850410496e-04
2.273780100000000e-02  1.692691061475389e-03
2.284038900000000e-02  3.189119430828008e-03
2.294344000000000e-02  5.148805983072373e-03
2.304695600000000e-02  7.452929268918225e-03
2.315093900000000e-02  9.980712954823582e-03
2.325539100000000e-02  1.261445631193513e-02
2.336031400000000e-02  1.524426811392841e-02
2.346571100000000e-02  1.777230964136340e-02
2.357158300000000e-02  2.011623176386168e-02
2.367793300000000e-02  2.221191009189784e-02
2.378476200000000e-02  2.401500756144134e-02
2.389207400000000e-02  2.550165141773999e-02
2.399987000000000e-02  2.666783798842051e-02
2.410815200000000e-02  2.752796570467839e-02
2.421692200000000e-02  2.811232758903820e-02
2.432618400000000e-02  2.846381941103554e-02
2.443593800000000e-02  2.863400602198914e-02
2.454618800000000e-02  2.867884315904384e-02
2.465693500000000e-02  2.865421364055120e-02
2.476818100000000e-02  2.861160542103944e-02
2.487993000000000e-02  2.859415878912490e-02
2.499218300000000e-02  2.863333852995529e-02
2.510494200000000e-02  2.874642966399618e-02
2.521821000000000e-02  2.893503119922257e-02
2.533198900000000e-02  2.918464703423799e-02
2.544628100000000e-02  2.946542443935787e-02
2.556108900000000e-02  2.973401588109501e-02
2.567641500000000e-02  2.993645822263804e-02
2.579226200000000e-02  3.001192465703870e-02
2.590863100000000e-02  2.989711548645837e-02
2.602552500000000e-02  2.953102976017968e-02
2.614294600000000e-02  2.885980812241167e-02
2.626089800000000e-02  2.784131700795285e-02
2.637938100000000e-02  2.644924583182187e-02
2.649839900000000e-02  2.467624451029779e-02
2.661795400000000e-02  2.253609861688815e-02
2.673804800000000e-02  2.006456445747947e-02
2.685868400000000e-02  1.731881369949161e-02
2.697986500000000e-02  1.437551606592355e-02
2.710159200000000e-02  1.132762406904667e-02
2.722386900000000e-02  8.279799918615993e-03
2.734669700000000e-02  5.343173037945518e-03
2.747007900000000e-02  2.629194652022132e-03
2.759401800000000e-02  2.434055427908005e-04
2.771851600000000e-02  -1.720704848779303e-03
2.784357600000000e-02  -3.187367528052451e-03
2.796920000000000e-02  -4.103228474276072e-03
2.809539100000000e-02  -4.440860089589565e-03
2.822215100000000e-02  -4.200739474145810e-03
2.834948300000000e-02  -3.411584520748545e-03
2.847739000000000e-02  -2.128955668227044e-03
2.860587400000000e-02  -4.322196365154143e-04
2.873493700000000e-02  1.579998883927233e-03
2.886458300000000e-02  3.795615812398984e-03
2.899481300000000e-02  6.095608814430888e-03
2.912563200000000e-02  8.361145318866460e-03
2.925704000000000e-02  1.048037330214372e-02
2.938904100000000e-02  1.235498354084668e-02
2.952163800000000e-02  1.390553941792756e-02
2.965483300000000e-02  1.507554265108004e-02
2.978863000000000e-02  1.583387149833738e-02
2.992302900000000e-02  1.617534527948297e-02
3.005803500000000e-02  1.611953190999015e-02
3.019365100000000e-02  1.570774889827696e-02
3.032987800000000e-02  1.499865803249378e-02
3.046672000000000e-02  1.406270041187885e-02
3.060417900000000e-02  1.297592050685470e-02
3.074225800000000e-02  1.181361362808056e-02
3.088096000000000e-02  1.064437996098329e-02
3.102028800000000e-02  9.525053979338120e-03
3.116024500000000e-02  8.496934780256246e-03
3.130083300000000e-02  7.583633319974123e-03
3.144205600000000e-02  6.790673420115243e-03
3.158391500000000e-02  6.106932768173748e-03
3.172641500000000e-02  5.507650969006970e-03
3.186955800000000e-02  4.958836651132528e-03
3.201334600000000e-02  4.422510889476179e-03
3.215778300000000e-02  3.862319652850305e-03
3.230287200000000e-02  3.248947228181977e-03
3.244861600000000e-02  2.564735062519486e-03
3.259501700000000e-02  1.807030309558951e-03
3.274207800000000e-02  9.898548077692882e-04
3.288980300000000e-02  1.436896519574305e-04
3.303819500000000e-02  -6.866590235903147e-04
3.318725600000000e-02  -1.445983478063151e-03
3.333699000000000e-02  -2.074047194175906e-03
3.348739900000000e-02  -2.511849046768884e-03
3.363848600000000e-02  -2.708226524897319e-03
3.379025600000000e-02  -2.626058071165785e-03
3.394271000000000e-02  -2.247427601498048e-03
3.409585200000000e-02  -1.577151441238657e-03
3.424968500000000e-02  -6.442205582990329e-04
3.440421200000000e-02  4.990898170016385e-04
3.455943600000000e-02  1.780460174965486e-03
3.471536100000000e-02  3.112896575782753e-03
3.487198900000000e-02  4.401728457113138e-03
3.502932400000000e-02  5.552679628737824e-03
3.518736900000000e-02  6.480114431035591e-03
3.534612600000000e-02  7.114719972288346e-03
3.550560000000000e-02  7.409805677605741e-03
3.566579400000000e-02  7.345499990756767e-03
3.582671000000000e-02  6.930458169584139e-03
3.598835200000000e-02  6.200800995002245e-03
3.615072400000000e-02  5.216391018492460e-03
3.631382800000000e-02  4.054837355860619e-03
3.647766800000000e-02  2.803791204287616e-03
3.664224700000000e-02  1.552437723386371e-03
3.680756900000000e-02  3.830341295242663e-04
3.697363600000000e-02  -6.365161944316107e-04
3.714045300000000e-02  -1.458327537449475e-03
3.730802300000000e-02  -2.057707509993239e-03
3.747634800000000e-02  -2.433637365650463e-03
3.764543400000000e-02  -2.606510746248053e-03
3.781528100000000e-02  -2.613454781513595e-03
3.798589600000000e-02  -2.501927218620579e-03
3.815728000000000e-02  -2.322406725729435e-03
3.832943700000000e-02  -2.121171238035516e-03
3.850237100000000e-02  -1.934127328040480e-03
3.867608500000000e-02  -1.782517093671281e-03
3.885058300000000e-02  -1.671069564558890e-03
3.902586800000000e-02  -1.588839636897640e-03
3.920194500000000e-02  -1.512585117048721e-03
3.937881500000000e-02  -1.412180282405446e-03
3.955648400000000e-02  -1.257238887251574e-03
3.973495400000000e-02  -1.023950068572426e-03
3.991422900000000e-02  -7.010376002741640e-04
4.009431300000000e-02  -2.938814831064066e-04
4.027521000000000e-02  1.739329327854998e-04
4.045692300000000e-02  6.620028390848052e-04
4.063945600000000e-02  1.117380760980518e-03
4.082281200000000e-02  1.481208676924133e-03
4.100699600000000e-02  1.696843226402874e-03
4.119201000000000e-02  1.718289876523811e-03
4.137786000000000e-02  1.517709184154241e-03
4.156454700000000e-02  1.090800057430633e-03
4.175207700000000e-02  4.591356192774100e-04
4.194045400000000e-02  -3.310113732091467e-04
4.212968000000000e-02  -1.213352587996050e-03
4.231976000000000e-02  -2.109263755705730e-03
4.251069700000000e-02  -2.937363664476656e-03
4.270249600000000e-02  -3.623727688424712e-03
4.289516000000000e-02  -4.111184616677304e-03
4.308869400000000e-02  -4.366378993797420e-03
4.328310100000000e-02  -4.383480683732370e-03
4.347838400000000e-02  -4.184014638597537e-03
4.367454900000000e-02  -3.812808375927642e-03
4.387159900000000e-02  -3.330733138992165e-03
4.406953800000000e-02  -2.805377171132108e-03
4.426837000000000e-02  -2.301164973320935e-03
4.446809900000000e-02  -1.870511206682123e-03
4.466873000000000e-02  -1.547424742016367e-03
4.487026500000000e-02  -1.344564461914103e-03
4.507271000000000e-02  -1.254114037528242e-03
4.527606800000000e-02  -1.252218988555266e-03
4.548034400000000e-02  -1.306025540191308e-03
4.568554100000000e-02  -1.381930752986192e-03
4.589166400000000e-02  -1.453407607022245e-03
4.609871700000000e-02  -1.506850585591488e-03
4.630670500000000e-02  -1.544271604867140e-03
4.651563000000000e-02  -1.582286463059657e-03
4.672549900000000e-02  -1.647580156891145e-03
4.693631400000000e-02  -1.769757953327497e-03
4.714808000000000e-02  -1.973071153937591e-03
4.736080200000000e-02  -2.268781728781858e-03
4.757448300000000e-02  -2.649870356735244e-03
4.778912900000000e-02  -3.089394573143657e-03
4.800474300000000e-02  -3.543055875245092e-03
4.822133000000000e-02  -3.955745345024565e-03
4.843889400000000e-02  -4.270920998628744e-03
4.865744000000000e-02  -4.441077371088823e-03
4.887697100000000e-02  -4.437213597071507e-03
4.909749300000000e-02  -4.255335062170043e-03
4.931901100000000e-02  -3.918527327387412e-03
4.954152700000000e-02  -3.474020042900787e-03
4.976504800000000e-02  -2.985616403904046e-03
4.998957700000000e-02  -2.522920971335061e-03
5.021511900000000e-02  -2.149391479252282e-03
5.044167800000000e-02  -1.911631166836261e-03
5.066926000000000e-02  -1.832050500214885e-03
5.089786800000000e-02  -1.906379966590164e-03
5.112750800000000e-02  -2.106463674704805e-03
5.135818500000000e-02  -2.387642740434657e-03
5.158990100000000e-02  -2.699012904044225e-03
5.182266400000000e-02  -2.994244007157070e-03
5.205647600000000e-02  -3.240475329623111e-03
5.229134400000000e-02  -3.423370390481546e-03
5.252727100000000e-02  -3.547247423585097e-03
5.276426200000000e-02  -3.630493563702162e-03
5.300232300000000e-02  -3.697584127335973e-03
5.324145800000000e-02  -3.769918690053941e-03
5.348167100000000e-02  -3.857988520091855e-03
5.372296900000000e-02  -3.957061279589025e-03
5.396535500000000e-02  -4.047655492683080e-03
5.420883500000000e-02  -4.100815452566992e-03
5.445341300000000e-02  -4.086857451257955e-03
5.469909500000000e-02  -3.985255948882311e-03
5.494588500000000e-02  -3.792900796363706e-03
5.519378900000000e-02  -3.528261558545359e-03
5.544281100000000e-02  -3.229995385659993e-03
5.569295700000000e-02  -2.949961123194853e-03
5.594423200000000e-02  -2.742153653795123e-03
5.619664000000000e-02  -2.650237532426538e-03
5.645018700000000e-02  -2.696888131920898e-03
5.670487700000000e-02  -2.877807114491399e-03
5.696071700000000e-02  -3.162130649869700e-03
5.721771200000000e-02  -3.499284375726446e-03
5.747586500000000e-02  -3.830615101293009e-03
5.773518400000000e-02  -4.102812076926870e-03
5.799567200000000e-02  -4.279563501741247e-03
5.825733600000000e-02  -4.348433800587641e-03
5.852018000000000e-02  -4.321208037368992e-03
5.878421000000000e-02  -4.227864975309515e-03
5.904943200000000e-02  -4.106142428842802e-03
5.931585000000000e-02  -3.989942042670503e-03
5.958347000000000e-02  -3.900104552146077e-03
5.985229800000000e-02  -3.840310856048457e-03
6.012233800000000e-02  -3.799196289910094e-03
6.039359700000000e-02  -3.757744453417494e-03
6.066607900000000e-02  -3.699277161929352e-03
6.093979100000000e-02  -3.618446868005732e-03
6.121473800000000e-02  -3.525922109509450e-03
6.149092600000000e-02  -3.446855918293143e-03
6.176835900000000e-02  -3.413346573212454e-03
6.204704500000000e-02  -3.453229063285527e-03
6.232698700000000e-02  -3.578967561020370e-03
6.260819300000001e-02  -3.780609906813641e-03
6.289066700000000e-02  -4.025587133391589e-03
6.317441600000000e-02  -4.265957242977463e-03
6.345944500000000e-02  -4.451144244744210e-03
6.374576000000000e-02  -4.542274762397502e-03
6.403336699999999e-02  -4.523474959197214e-03
6.432227200000000e-02  -4.406362911349042e-03
6.461248000000000e-02  -4.226164882948303e-03
6.490399700000000e-02  -4.030695693960742e-03
6.519682900000000e-02  -3.865899498682869e-03
6.549098300000000e-02  -3.762834572730562e-03
6.578646400000000e-02  -3.730449926459433e-03
6.608327800000000e-02  -3.756377510741996e-03
6.638143100000000e-02  -3.815021503706997e-03
6.668093000000000e-02  -3.879522306916308e-03
6.698178000000000e-02  -3.932771771983342e-03
6.728398700000000e-02  -3.973121849139557e-03
6.758755700000001e-02  -4.012618023850790e-03
6.789249700000000e-02  -4.068691252793959e-03
6.819881300000000e-02  -4.153016535926312e-03
6.850651200000001e-02  -4.262552764657433e-03
6.881559800000001e-02  -4.377009942212094e-03
6.912607900000001e-02  -4.464392670186799e-03
6.943796000000001e-02  -4.492818490335233e-03
6.975124900000000e-02  -4.443978175412468e-03
7.006595100000000e-02  -4.322574524408228e-03
7.038207400000000e-02  -4.157430191309855e-03
7.069962200000000e-02  -3.993219999193970e-03
7.101860300000000e-02  -3.875645877674018e-03
7.133902400000000e-02  -3.835749913406416e-03
7.166089000000000e-02  -3.879585518850196e-03
7.198420799999999e-02  -3.987392683602097e-03
7.230898500000001e-02  -4.122501056316871e-03
7.263522700000000e-02  -4.246089338942244e-03
7.296294100000000e-02  -4.331480160903349e-03
7.329213399999999e-02  -4.371963488916615e-03
7.362281200000000e-02  -4.379161725010541e-03
7.395498200000000e-02  -4.373330066028485e-03
7.428865000000000e-02  -4.370721561080796e-03
7.462382400000001e-02  -4.374453867708736e-03
7.496051099999999e-02  -4.373503018354630e-03
7.529871600000000e-02  -4.350319829146189e-03
7.563844700000000e-02  -4.293085505972818e-03
7.597971100000001e-02  -4.206027040412107e-03
7.632251499999999e-02  -4.111897420450358e-03
7.666686600000000e-02  -4.044497619951536e-03
7.701276999999999e-02  -4.034202553189124e-03
7.736023400000000e-02  -4.093303103230964e-03
7.770926700000000e-02  -4.208538195150486e-03
7.805987400000000e-02  -4.344982118695839e-03
7.841206300000000e-02  -4.459965601734191e-03
7.876584100000000e-02  -4.520637493002337e-03
7.912121499999999e-02  -4.516818629231915e-03
7.947819300000000e-02  -4.463062380203287e-03
7.983678100000000e-02  -4.389292506862362e-03
8.019698700000000e-02  -4.325220248892930e-03
8.055881800000000e-02  -4.286845164905988e-03
8.092228200000000e-02  -4.271968408786335e-03
8.128738500000000e-02  -4.266480607004420e-03
8.165413600000000e-02  -4.257040507379015e-03
8.202254100000000e-02  -4.242117144763893e-03
8.239260900000001e-02  -4.234388821694476e-03
8.276434600000000e-02  -4.252719789902322e-03
8.313776100000000e-02  -4.308406805033746e-03
8.351285999999999e-02  -4.394266561536298e-03
8.388965200000000e-02  -4.483944245411598e-03
8.426814400000000e-02  -4.543011210765045e-03
8.464834300000000e-02  -4.546295056356284e-03
8.503025800000000e-02  -4.491713179380376e-03
8.541389600000000e-02  -4.402396159748484e-03
8.579926400000000e-02  -4.315441427906729e-03
8.618637200000000e-02  -4.263448109052784e-03
8.657522600000001e-02  -4.259304126955975e-03
8.696583400000001e-02  -4.292724761342825e-03
8.735820499999999e-02  -4.339863387882325e-03
8.775234599999999e-02  -4.379303533257762e-03
8.814826500000000e-02  -4.404013730584335e-03
8.854597100000000e-02  -4.421859505449142e-03
8.894547100000000e-02  -4.445154890771262e-03
8.934677300000000e-02  -4.477303570900550e-03
8.974988600000000e-02  -4.506668459863281e-03
9.015481800000000e-02  -4.512805406906702e-03
9.056157700000000e-02  -4.481330892118646e-03
9.097017000000000e-02  -4.417052909861068e-03
9.138060800000000e-02  -4.345421895021757e-03
9.179289700000000e-02  -4.299957795431489e-03
9.220704600000000e-02  -4.303052701124253e-03
9.262306400000000e-02  -4.352631574038324e-03
9.304095900000001e-02  -4.423678848422504e-03
9.346074000000000e-02  -4.483722516311110e-03
9.388241400000000e-02  -4.511838376020404e-03
9.430599100000001e-02  -4.508462267237006e-03
9.473147899999999e-02  -4.490080310621589e-03
9.515888600000000e-02  -4.473897695892575e-03
9.558822200000000e-02  -4.464713000168799e-03
9.601949500000000e-02  -4.454026383018101e-03
9.645271399999999e-02  -4.431437859560208e-03
9.688788800000001e-02  -4.398310241494782e-03
9.732502400000000e-02  -4.371508302389047e-03
9.776413400000000e-02  -4.372829001526523e-03
9.820522399999999e-02  -4.411608815406518e-03
9.864830400000001e-02  -4.474401692621898e-03
9.909338400000001e-02  -4.530981563289680e-03
9.954047100000001e-02  -4.553387548040105e-03
9.998957600000000e-02  -4.534152879495381e-03
1.004407100000000e-01  -4.489991893401693e-03
1.008938700000000e-01  -4.448415336857948e-03
1.013490800000000e-01  -4.428132493456584e-03
1.018063500000000e-01  -4.428710491192363e-03
1.022656800000000e-01  -4.436736077160703e-03
1.027270800000000e-01  -4.441592256339194e-03
1.031905600000000e-01  -4.445955870258677e-03
1.036561300000000e-01  -4.461387789004352e-03
1.041238100000000e-01  -4.493428407542815e-03
1.045935900000000e-01  -4.530871281445440e-03
1.050654900000000e-01  -4.550770404529433e-03
1.055395300000000e-01  -4.536433141736221e-03
1.060157000000000e-01  -4.492999074702225e-03
1.064940200000000e-01  -4.446076747035880e-03
1.069744900000000e-01  -4.423373300072597e-03
1.074571400000000e-01  -4.434502268075726e-03
1.079419600000000e-01  -4.466081294867925e-03
1.084289700000000e-01  -4.495554176882617e-03
1.089181800000000e-01  -4.510340512960565e-03
1.094096000000000e-01  -4.514741657666368e-03
1.099032300000000e-01  -4.519594462281290e-03
1.103990900000000e-01  -4.526832695017404e-03
1.108971800000000e-01  -4.525891690021056e-03
1.113975300000000e-01  -4.506244630281373e-03
1.119001300000000e-01  -4.472856377935051e-03
1.124050000000000e-01  -4.447083864569783e-03
1.129121400000000e-01  -4.449753797711930e-03
1.134215800000000e-01  -4.481881029972204e-03
1.139333100000000e-01  -4.522279326169638e-03
1.144473500000000e-01  -4.545298752402074e-03
1.149637100000000e-01  -4.541870493947043e-03
1.154824100000000e-01  -4.523801364398491e-03
1.160034400000000e-01  -4.508594614910969e-03
1.165268200000000e-01  -4.501983335048477e-03
1.170525600000000e-01  -4.496610100970148e-03
1.175806800000000e-01  -4.486467855766627e-03
1.181111800000000e-01  -4.478674172276964e-03
1.186440700000000e-01  -4.487320127093661e-03
1.191793600000000e-01  -4.515453282334204e-03
1.197170700000000e-01  -4.546490901885226e-03
1.202572100000000e-01  -4.557162375312672e-03
1.207997900000000e-01  -4.539788422026085e-03
1.213448100000000e-01  -4.509956807241985e-03
1.218922900000000e-01  -4.490929139450575e-03
1.224422400000000e-01  -4.491803466288477e-03
1.229946700000000e-01  -4.502928096761414e-03
1.235496000000000e-01  -4.511511071961660e-03
1.241070300000000e-01  -4.516959554544757e-03
1.246669700000000e-01  -4.527324955495620e-03
1.252294400000000e-01  -4.543018193112571e-03
1.257944500000000e-01  -4.550799288895294e-03
1.263620000000000e-01  -4.538159841945081e-03
1.269321200000000e-01  -4.511110339650240e-03
1.275048100000000e-01  -4.491803707961759e-03
1.280800900000000e-01  -4.496343831392546e-03
1.286579500000000e-01  -4.518324750361245e-03
1.292384300000000e-01  -4.537545931944325e-03
1.298215300000000e-01  -4.542567829844650e-03
1.304072500000000e-01  -4.539379736223020e-03
1.309956200000000e-01  -4.537681563214723e-03
1.315866400000000e-01  -4.535821552191207e-03
1.321803300000000e-01  -4.525728960223655e-03
1.327767000000000e-01  -4.509878199001630e-03
1.333757600000000e-01  -4.504014482705709e-03
1.339775200000000e-01  -4.518611624967334e-03
1.345820000000000e-01  -4.543124339219676e-03
1.351892100000000e-01  -4.555862102335592e-03
1.357991500000000e-01  -4.548355629311478e-03
1.364118500000000e-01  -4.532907308585586e-03
1.370273100000000e-01  -4.524704352720386e-03
1.376455400000000e-01  -4.524266758139391e-03
1.382665700000000e-01  -4.523410312692886e-03
1.388904000000000e-01  -4.522432679868433e-03
1.395170400000000e-01  -4.530296035258612e-03
1.401465100000000e-01  -4.547109159662468e-03
1.407788200000000e-01  -4.557545659749585e-03
1.414139900000000e-01  -4.548945497875348e-03
1.420520100000000e-01  -4.529522528634012e-03
1.426929200000000e-01  -4.519205205555273e-03
1.433367200000000e-01  -4.525030252603187e-03
1.439834200000000e-01  -4.535737307214872e-03
1.446330500000000e-01  -4.540950803918261e-03
1.452856000000000e-01  -4.543862892471829e-03
1.459411000000000e-01  -4.549415675601074e-03
1.465995500000000e-01  -4.550963841060360e-03
1.472609700000000e-01  -4.540342947106942e-03
1.479253800000000e-01  -4.525405911424796e-03
1.485927900000000e-01  -4.523485430610873e-03
1.492632100000000e-01  -4.537423590141825e-03
1.499366500000000e-01  -4.551164052271053e-03
1.506131300000000e-01  -4.552332803263831e-03
1.512926700000000e-01  -4.546580383296329e-03
1.519752600000000e-01  -4.543428660888920e-03
1.526609400000000e-01  -4.540726491973190e-03
1.533497200000000e-01  -4.534056959008133e-03
1.540416000000000e-01  -4.530957528020988e-03
1.547366000000000e-01  -4.540550981888800e-03
1.554347400000000e-01  -4.554931124964112e-03
1.561360200000000e-01  -4.557287046449694e-03
1.568404700000000e-01  -4.546488711577268e-03
1.575481000000000e-01  -4.537546745220911e-03
1.582589300000000e-01  -4.537994833019436e-03
1.589729600000000e-01  -4.540762977532408e-03
1.596902100000000e-01  -4.542029281010598e-03
1.604106900000000e-01  -4.547485063429070e-03
1.611344300000000e-01  -4.555879509583524e-03
1.618614400000000e-01  -4.555168945016927e-03
1.625917200000000e-01  -4.543272465351450e-03
1.633253000000000e-01  -4.535247519511876e-03
1.640621800000000e-01  -4.540447384994316e-03
1.648024000000000e-01  -4.549238494885662e-03
1.655459500000000e-01  -4.551683659262856e-03
1.662928600000000e-01  -4.551681667941466e-03
1.670431300000000e-01  -4.552720388944140e-03
1.677968000000000e-01  -4.548736012893482e-03
1.685538600000000e-01  -4.540173846363682e-03
1.693143400000000e-01  -4.539580103987892e-03
1.700782400000000e-01  -4.549985642773180e-03
1.708456000000000e-01  -4.557301105746142e-03
1.716164200000000e-01  -4.553785748871155e-03
1.723907100000000e-01  -4.548473877755535e-03
1.731685000000000e-01  -4.547290125975842e-03
1.739498000000000e-01  -4.545502580664738e-03
1.747346200000000e-01  -4.544362813373397e-03
1.755229900000000e-01  -4.550714890100688e-03
1.763149100000000e-01  -4.558472099378701e-03
1.771104000000000e-01  -4.555554645164161e-03
1.779094900000000e-01  -4.546700605760194e-03
1.787121700000000e-01  -4.545003792233033e-03
1.795184900000000e-01  -4.548995908564495e-03
1.803284300000000e-01  -4.550930994811036e-03
1.811420400000000e-01  -4.553269088013863e-03
1.819593100000000e-01  -4.556998651005188e-03
1.827802700000000e-01  -4.554019594268472e-03
1.836049300000000e-01  -4.546006420329411e-03
1.844333200000000e-01  -4.545850837680251e-03
1.852654400000000e-01  -4.553207525279624e-03
1.861013200000000e-01  -4.556145792972118e-03
1.869409700000000e-01  -4.554387970710480e-03
1.877844000000000e-01  -4.553830558562555e-03
1.886316400000000e-01  -4.551306352807463e-03
1.894827100000000e-01  -4.547214808227723e-03
1.903376100000000e-01  -4.550469652329050e-03
1.911963700000000e-01  -4.557837368786810e-03
1.920590100000000e-01  -4.557326409619080e-03
1.929255400000000e-01  -4.551992440784172e-03
1.937959800000000e-01  -4.550971860996637e-03
1.946703400000000e-01  -4.551391779040815e-03
1.955486500000000e-01  -4.551607689990782e-03
1.964309200000000e-01  -4.556069454705114e-03
1.973171800000000e-01  -4.558808929767916e-03
1.982074300000000e-01  -4.553409305502363e-03
1.991017000000000e-01  -4.549441204085838e-03
2.000000000000000e-01  -4.552741855089783e-03
