<X>                    <Y>
1.450000000000000e-03  1.257156367209347e+04
1.550000000000000e-03  1.219322286411706e+04
1.650000000000000e-03  1.180083174022050e+04
1.750000000000000e-03  1.139622967130242e+04
1.850000000000000e-03  1.098127924651298e+04
1.950000000000000e-03  1.055785323753620e+04
2.050000000000000e-03  1.012782173763118e+04
2.150000000000000e-03  9.693039589082169e+03
2.250000000000000e-03  9.255334207813796e+03
2.350000000000000e-03  8.816493907912720e+03
2.450000000000000e-03  8.378256821753012e+03
2.550000000000000e-03  7.942300503448519e+03
2.650000000000000e-03  7.510232294564938e+03
2.750000000000000e-03  7.083580521534754e+03
2.850000000000000e-03  6.663786584158612e+03
2.950000000000000e-03  6.252197984077174e+03
3.050000000000000e-03  5.850062331293364e+03
3.150000000000000e-03  5.458522355852229e+03
3.250000000000000e-03  5.078611940779248e+03
3.350000000000000e-03  4.711253181471169e+03
3.450000000000000e-03  4.357254466054493e+03
3.550000000000000e-03  4.017309560898540e+03
3.650000000000000e-03  3.691997675607950e+03
3.750000000000000e-03  3.381784472529801e+03
3.850000000000000e-03  3.087023977190014e+03
3.950000000000000e-03  2.807961338207479e+03
4.050000000000000e-03  2.544736378195855e+03
4.150000000000000e-03  2.297387871012916e+03
4.250000000000000e-03  2.065858475503095e+03
4.350000000000000e-03  1.850000251634421e+03
4.450000000000000e-03  1.649580681676994e+03
4.550000000000000e-03  1.464289116813219e+03
4.650000000000000e-03  1.293743568304145e+03
4.750000000000000e-03  1.137497762042596e+03
4.850000000000000e-03  9.950483759712270e+02
4.950000000000000e-03  8.658423813902872e+02
5.050000000000000e-03  7.492844115729675e+02
5.150000000000000e-03  6.447440842844243e+02
5.250000000000000e-03  5.515632086938460e+02
5.350000000000000e-03  4.690628117008370e+02
5.450000000000000e-03  3.965499237858411e+02
5.550000000000000e-03  3.333240700529690e+02
5.650000000000000e-03  2.786834180732674e+02
5.750000000000000e-03  2.319305403666412e+02
5.850000000000000e-03  1.923777557904297e+02
5.950000000000000e-03  1.593520206423546e+02
6.050000000000000e-03  1.321993468478650e+02
6.150000000000000e-03  1.102887311028218e+02
6.250000000000000e-03  9.301558520255119e+01
6.350000000000000e-03  7.980466393352775e+01
6.450000000000000e-03  7.011249276653071e+01
6.550000000000000e-03  6.342930310914645e+01
6.650000000000000e-03  5.928048799761102e+01
6.750000000000000e-03  5.722759578768474e+01
6.850000000000000e-03  5.686888360426173e+01
6.950000000000000e-03  5.783945600079498e+01
7.050000000000000e-03  5.981101744182588e+01
7.150000000000000e-03  6.249126984265745e+01
7.250000000000000e-03  6.562298847529802e+01
7.350000000000000e-03  6.898281108272339e+01
7.450000000000000e-03  7.237977604506581e+01
7.550000000000000e-03  7.565364592910763e+01
7.650000000000000e-03  7.867305275017462e+01
7.750000000000000e-03  8.133350081244414e+01
7.849999999999999e-03  8.355526210385210e+01
7.950000000000000e-03  8.528119794329002e+01
8.050000000000000e-03  8.647453895198936e+01
8.149999999999999e-03  8.711665349174280e+01
8.250000000000000e-03  8.720483252545196e+01
8.350000000000000e-03  8.675011645690769e+01
8.449999999999999e-03  8.577518694337245e+01
8.550000000000000e-03  8.431234399261649e+01
8.650000000000000e-03  8.240158590055648e+01
8.750000000000001e-03  8.008880679978931e+01
8.850000000000000e-03  7.742412381402283e+01
8.950000000000000e-03  7.446034308680215e+01
9.050000000000001e-03  7.125157130996369e+01
9.150000000000000e-03  6.785197684931642e+01
9.250000000000000e-03  6.431470217979667e+01
9.350000000000001e-03  6.069092712342579e+01
9.450000000000000e-03  5.702908035042220e+01
9.549999999999999e-03  5.337419477225988e+01
9.650000000000001e-03  4.976740083673469e+01
9.750000000000000e-03  4.624555033661105e+01
9.849999999999999e-03  4.284096216874608e+01
9.950000000000001e-03  3.958128052968497e+01
1.005000000000000e-02  3.648943530312125e+01
1.015000000000000e-02  3.358369387778592e+01
1.025000000000000e-02  3.087779332192932e+01
1.035000000000000e-02  2.838114172080454e+01
1.045000000000000e-02  2.609907754259650e+01
1.055000000000000e-02  2.403317612047733e+01
1.065000000000000e-02  2.218159270698121e+01
1.075000000000000e-02  2.053943205377485e+01
1.085000000000000e-02  1.909913507663174e+01
1.095000000000000e-02  1.785087386319473e+01
1.105000000000000e-02  1.678294705118855e+01
1.115000000000000e-02  1.588216842871849e+01
1.125000000000000e-02  1.513424246838756e+01
1.135000000000000e-02  1.452412138627344e+01
1.145000000000000e-02  1.403633919949371e+01
1.155000000000000e-02  1.365531912757627e+01
1.165000000000000e-02  1.336565152996146e+01
1.175000000000000e-02  1.315234038301837e+01
1.185000000000000e-02  1.300101706487012e+01
1.195000000000000e-02  1.289812092662248e+01
1.205000000000000e-02  1.283104677744621e+01
1.215000000000000e-02  1.278825999316231e+01
1.225000000000000e-02  1.275938046988145e+01
1.235000000000000e-02  1.273523708372229e+01
1.245000000000000e-02  1.270789468396422e+01
1.255000000000000e-02  1.267065594077531e+01
1.265000000000000e-02  1.261804059168751e+01
1.275000000000000e-02  1.254574478611601e+01
1.285000000000000e-02  1.245058331821017e+01
1.295000000000000e-02  1.233041756972388e+01
1.305000000000000e-02  1.218407196158032e+01
1.315000000000000e-02  1.201124164103750e+01
1.325000000000000e-02  1.181239401683916e+01
1.335000000000000e-02  1.158866660366650e+01
1.345000000000000e-02  1.134176345587277e+01
1.355000000000000e-02  1.107385226512812e+01
1.365000000000000e-02  1.078746397331540e+01
1.375000000000000e-02  1.048539651664476e+01
1.385000000000000e-02  1.017062407500986e+01
1.395000000000000e-02  9.846212957205228e+00
1.405000000000000e-02  9.515245012419417e+00
1.415000000000000e-02  9.180749225568208e+00
1.425000000000000e-02  8.845641932160900e+00
1.435000000000000e-02  8.512675880575184e+00
1.445000000000000e-02  8.184398178372783e+00
1.455000000000000e-02  7.863116986586734e+00
1.465000000000000e-02  7.550876673185202e+00
1.475000000000000e-02  7.249441005083243e+00
1.485000000000000e-02  6.960283847571512e+00
1.495000000000000e-02  6.684586750848418e+00
1.505000000000000e-02  6.423242735068362e+00
1.515000000000000e-02  6.176865537182823e+00
1.525000000000000e-02  5.945803553773680e+00
1.535000000000000e-02  5.730157702720956e+00
1.545000000000000e-02  5.529802431362276e+00
1.555000000000000e-02  5.344409118081276e+00
1.565000000000000e-02  5.173471146188409e+00
1.575000000000000e-02  5.016329971645488e+00
1.585000000000000e-02  4.872201557726488e+00
1.595000000000000e-02  4.740202608210772e+00
1.605000000000000e-02  4.619376094328979e+00
1.615000000000000e-02  4.508715637668584e+00
1.625000000000000e-02  4.407188379944415e+00
1.635000000000000e-02  4.313756039428476e+00
1.645000000000000e-02  4.227393921540428e+00
1.655000000000000e-02  4.147107716410030e+00
1.665000000000000e-02  4.071947978090789e+00
1.675000000000000e-02  4.001022237655780e+00
1.685000000000000e-02  3.933504754940269e+00
1.695000000000000e-02  3.868643960680501e+00
1.705000000000000e-02  3.805767681864055e+00
1.715000000000000e-02  3.744286278041302e+00
1.725000000000000e-02  3.683693845078725e+00
1.735000000000000e-02  3.623567665423858e+00
1.745000000000000e-02  3.563566100574952e+00
1.755000000000000e-02  3.503425132385196e+00
1.765000000000000e-02  3.442953765445537e+00
1.775000000000000e-02  3.382028503516788e+00
1.785000000000000e-02  3.320587109309474e+00
1.795000000000000e-02  3.258621849367350e+00
1.805000000000000e-02  3.196172414949999e+00
1.815000000000000e-02  3.133318696195721e+00
1.825000000000000e-02  3.070173571039870e+00
1.835000000000000e-02  3.006875852915717e+00
1.845000000000000e-02  2.943583522701735e+00
1.855000000000000e-02  2.880467351196607e+00
1.865000000000000e-02  2.817704999059450e+00
1.875000000000000e-02  2.755475662061750e+00
1.885000000000000e-02  2.693955311026099e+00
1.895000000000000e-02  2.633312558291510e+00
1.905000000000000e-02  2.573705166210265e+00
1.915000000000000e-02  2.515277198259529e+00
1.925000000000000e-02  2.458156800004294e+00
1.935000000000000e-02  2.402454585488128e+00
1.945000000000000e-02  2.348262594721200e+00
1.955000000000000e-02  2.295653779802901e+00
1.965000000000000e-02  2.244681970842584e+00
1.975000000000000e-02  2.195382268174426e+00
1.985000000000000e-02  2.147771804319129e+00
1.995000000000000e-02  2.101850817618070e+00
2.005000000000000e-02  2.057603979326480e+00
2.015000000000000e-02  2.015001917056495e+00
2.025000000000000e-02  1.974002879653292e+00
2.035000000000000e-02  1.934554491705237e+00
2.045000000000000e-02  1.896595549767131e+00
2.055000000000000e-02  1.860057816850192e+00
2.065000000000000e-02  1.824867776643721e+00
2.075000000000000e-02  1.790948314129472e+00
2.085000000000000e-02  1.758220294588123e+00
2.095000000000000e-02  1.726604018347866e+00
2.105000000000000e-02  1.696020533870810e+00
2.115000000000000e-02  1.666392796811832e+00
2.125000000000000e-02  1.637646667429416e+00
2.135000000000000e-02  1.609711743108072e+00
2.145000000000000e-02  1.582522026710979e+00
2.155000000000000e-02  1.556016434979532e+00
2.165000000000000e-02  1.530139154206952e+00
2.175000000000000e-02  1.504839852924004e+00
2.185000000000000e-02  1.480073763345683e+00
2.195000000000000e-02  1.455801644849831e+00
2.205000000000000e-02  1.431989643812511e+00
2.215000000000000e-02  1.408609064739731e+00
2.225000000000000e-02  1.385636067846311e+00
2.235000000000000e-02  1.363051308081250e+00
2.245000000000000e-02  1.340839530129463e+00
2.255000000000000e-02  1.318989133179004e+00
2.265000000000000e-02  1.297491718278873e+00
2.275000000000000e-02  1.276341629972834e+00
2.285000000000000e-02  1.255535502625708e+00
2.295000000000000e-02  1.235071820504534e+00
2.305000000000000e-02  1.214950499278975e+00
2.315000000000000e-02  1.195172495200810e+00
2.325000000000000e-02  1.175739446844804e+00
2.335000000000000e-02  1.156653352971350e+00
2.345000000000000e-02  1.137916288829561e+00
2.355000000000000e-02  1.119530162077227e+00
2.365000000000000e-02  1.101496508466179e+00
2.375000000000000e-02  1.083816326538490e+00
2.385000000000000e-02  1.066489949806671e+00
2.395000000000000e-02  1.049516954251680e+00
2.405000000000000e-02  1.032896098464995e+00
2.415000000000000e-02  1.016625293380665e+00
2.425000000000000e-02  1.000701598283155e+00
2.435000000000000e-02  9.851212396278367e-01
2.445000000000000e-02  9.698796491623317e-01
2.455000000000000e-02  9.549715178766727e-01
2.465000000000000e-02  9.403908624256279e-01
2.475000000000000e-02  9.261311008447864e-01
2.485000000000000e-02  9.121851346099566e-01
2.495000000000000e-02  8.985454343548840e-01
2.505000000000000e-02  8.852041268532334e-01
2.515000000000000e-02  8.721530811764910e-01
2.525000000000000e-02  8.593839922501093e-01
2.535000000000000e-02  8.468884603373301e-01
2.545000000000000e-02  8.346580652764157e-01
2.555000000000000e-02  8.226844345766839e-01
2.565000000000000e-02  8.109593047371479e-01
2.575000000000000e-02  7.994745753854245e-01
2.585000000000000e-02  7.882223560418221e-01
2.595000000000000e-02  7.771950054931056e-01
2.605000000000000e-02  7.663851639122627e-01
2.615000000000000e-02  7.557857779855344e-01
2.625000000000000e-02  7.453901194072534e-01
2.635000000000000e-02  7.351917971788033e-01
2.645000000000000e-02  7.251847642024106e-01
2.655000000000000e-02  7.153633186961845e-01
2.665000000000000e-02  7.057221009763892e-01
2.675000000000000e-02  6.962560861590942e-01
2.685000000000000e-02  6.869605733286051e-01
2.695000000000000e-02  6.778311717068118e-01
2.705000000000000e-02  6.688637843379430e-01
2.715000000000000e-02  6.600545897790305e-01
2.725000000000000e-02  6.514000222592028e-01
2.735000000000000e-02  6.428967507419723e-01
2.745000000000000e-02  6.345416572949173e-01
2.755000000000000e-02  6.263318151411701e-01
2.765000000000000e-02  6.182644667373796e-01
2.775000000000000e-02  6.103370021934078e-01
2.785000000000000e-02  6.025469383200414e-01
2.795000000000000e-02  5.948918985622641e-01
2.805000000000000e-02  5.873695940469829e-01
2.815000000000000e-02  5.799778059453189e-01
2.825000000000000e-02  5.727143693204056e-01
2.835000000000000e-02  5.655771586019366e-01
2.845000000000000e-02  5.585640747983874e-01
2.855000000000000e-02  5.516730345268575e-01
2.865000000000000e-02  5.449019609089735e-01
2.875000000000000e-02  5.382487763494612e-01
2.885000000000000e-02  5.317113971821913e-01
2.895000000000000e-02  5.252877301370921e-01
2.905000000000000e-02  5.189756705508844e-01
2.915000000000000e-02  5.127731022156760e-01
2.925000000000000e-02  5.066778987326057e-01
2.935000000000000e-02  5.006879262137136e-01
2.945000000000000e-02  4.948010471544245e-01
2.955000000000000e-02  4.890151252822669e-01
2.965000000000000e-02  4.833280311749011e-01
2.975000000000000e-02  4.777376484328502e-01
2.985000000000000e-02  4.722418801895434e-01
