xMean xWidth yMean yStd Obs cdfMean cdfStd
  4.010000E-07   2.000000E-09   4.910924E-09   2.168652E-09   9.885664E-09   4.292875E-03   1.895779E-03
  4.030000E-07   2.000000E-09   4.866380E-09   2.116066E-09   9.880147E-09   8.546782E-03   1.842999E-03
  4.050000E-07   2.000000E-09   3.968954E-09   1.387115E-09   9.877804E-09   1.201621E-02   2.177581E-03
  4.070000E-07   2.000000E-09   3.133923E-09   1.845049E-09   9.876698E-09   1.475572E-02   1.682319E-03
  4.090000E-07   2.000000E-09   2.720098E-09   1.298191E-09   9.878566E-09   1.713348E-02   1.846408E-03
  4.110000E-07   2.000000E-09   2.732210E-09   1.687678E-09   9.881695E-09   1.952184E-02   1.140428E-03
  4.130000E-07   2.000000E-09   2.095781E-09   1.502477E-09   9.886880E-09   2.135391E-02   8.048616E-04
  4.150000E-07   2.000000E-09   2.106483E-09   1.345584E-09   9.895727E-09   2.319530E-02   8.530252E-04
  4.170000E-07   2.000000E-09   2.043118E-09   1.021458E-09   9.902783E-09   2.498128E-02   9.194169E-04
  4.190000E-07   2.000000E-09   9.534418E-10   9.181264E-10   9.913951E-09   2.581471E-02   1.021029E-03
  4.210000E-07   2.000000E-09   1.693987E-09   7.801830E-10   9.926932E-09   2.729552E-02   1.140750E-03
  4.230000E-07   2.000000E-09   6.659342E-10   5.464277E-10   9.942207E-09   2.787764E-02   1.268017E-03
  4.250000E-07   2.000000E-09   1.561638E-09   1.078166E-09   9.957567E-09   2.924273E-02   1.072446E-03
  4.270000E-07   2.000000E-09   7.474531E-10   4.981236E-10   9.980475E-09   2.989612E-02   7.627724E-04
  4.290000E-07   2.000000E-09   6.759986E-10   7.471652E-10   1.000029E-08   3.048702E-02   1.000871E-03
  4.310000E-07   2.000000E-09   5.281338E-10   7.995391E-10   1.001723E-08   3.094868E-02   8.998364E-04
  4.330000E-07   2.000000E-09   3.030405E-10   3.912238E-10   1.003877E-08   3.121359E-02   1.001980E-03
  4.350000E-07   2.000000E-09   6.086605E-10   7.860583E-10   1.006209E-08   3.174565E-02   6.702803E-04
  4.370000E-07   2.000000E-09   6.122126E-10   7.031848E-10   1.009523E-08   3.228081E-02   1.021543E-03
  4.390000E-07   2.000000E-09   2.305313E-10   3.711911E-10   1.012874E-08   3.248233E-02   1.074112E-03
  4.410000E-07   2.000000E-09   5.403038E-10   9.662231E-10   1.016258E-08   3.295465E-02   9.052952E-04
  4.430000E-07   2.000000E-09   1.547392E-10   3.262189E-10   1.016988E-08   3.308992E-02   7.324021E-04
  4.450000E-07   2.000000E-09   0.000000E+00   0.000000E+00   0.000000E+00   3.308992E-02   7.324021E-04
  4.470000E-07   2.000000E-09   2.349694E-10   3.783368E-10   1.027429E-08   3.329531E-02   7.018143E-04
  4.490000E-07   2.000000E-09   2.358162E-10   3.797003E-10   1.031181E-08   3.350146E-02   5.964163E-04
  4.510000E-07   2.000000E-09   4.733814E-10   5.521014E-10   1.035432E-08   3.391528E-02   7.413123E-04
  4.530000E-07   2.000000E-09   3.961682E-10   4.175987E-10   1.039781E-08   3.426158E-02   7.997521E-04
  4.550000E-07   2.000000E-09   4.777742E-10   6.713711E-10   1.045296E-08   3.467921E-02   5.591716E-04
  4.570000E-07   2.000000E-09   3.199905E-10   5.595932E-10   1.048030E-08   3.495893E-02   7.189684E-04
  4.590000E-07   2.000000E-09   3.214725E-10   4.150194E-10   1.051241E-08   3.523993E-02   5.823368E-04
  4.610000E-07   2.000000E-09   4.840273E-10   5.642287E-10   1.053440E-08   3.566303E-02   7.303303E-04
  4.630000E-07   2.000000E-09   5.669221E-10   5.465397E-10   1.056498E-08   3.615861E-02   9.144363E-04
  4.650000E-07   2.000000E-09   0.000000E+00   0.000000E+00   0.000000E+00   3.615861E-02   9.144363E-04
  4.670000E-07   2.000000E-09   1.635371E-10   3.447664E-10   1.063357E-08   3.630156E-02   9.156716E-04
  4.690000E-07   2.000000E-09   6.568932E-10   7.543237E-10   1.067742E-08   3.687579E-02   5.335065E-04
  4.710000E-07   2.000000E-09   3.299528E-10   5.765466E-10   1.071825E-08   3.716421E-02   6.751496E-04
  4.730000E-07   2.000000E-09   5.798610E-10   5.585470E-10   1.075890E-08   3.767108E-02   9.523821E-04
  4.750000E-07   2.000000E-09   3.326640E-10   5.816232E-10   1.079250E-08   3.796187E-02   9.713204E-04
  4.770000E-07   2.000000E-09   1.335040E-09   8.055105E-10   1.084440E-08   3.912891E-02   6.005640E-04
  4.790000E-07   2.000000E-09   6.706970E-10   5.301754E-10   1.089339E-08   3.971520E-02   8.287535E-04
  4.810000E-07   2.000000E-09   5.889289E-10   5.680616E-10   1.093987E-08   4.023000E-02   7.106971E-04
  4.830000E-07   2.000000E-09   1.352833E-09   1.553883E-09   1.099536E-08   4.141261E-02   1.133107E-03
  4.850000E-07   2.000000E-09   6.782186E-10   5.360666E-10   1.101485E-08   4.200547E-02   1.138286E-03
  4.870000E-07   2.000000E-09   1.279160E-09   1.082931E-09   1.107313E-08   4.312362E-02   1.465209E-03
  4.890000E-07   2.000000E-09   1.283150E-09   1.008244E-09   1.111199E-08   4.424529E-02   1.488403E-03
  4.910000E-07   2.000000E-09   2.319547E-09   1.406252E-09   1.114716E-08   4.627293E-02   1.068408E-03
  4.930000E-07   2.000000E-09   1.984003E-09   1.079853E-09   1.118325E-08   4.800726E-02   1.632245E-03
  4.950000E-07   2.000000E-09   2.597487E-09   1.224222E-09   1.124094E-08   5.027785E-02   1.760799E-03
  4.970000E-07   2.000000E-09   2.261007E-09   1.700222E-09   1.128893E-08   5.225427E-02   1.673337E-03
  4.990000E-07   2.000000E-09   2.532108E-09   1.509091E-09   1.133064E-08   5.446771E-02   1.786778E-03
  5.010000E-07   2.000000E-09   1.840621E-09   1.049034E-09   1.139122E-08   5.607667E-02   1.818318E-03
  5.030000E-07   2.000000E-09   2.200134E-09   2.166051E-09   1.144154E-08   5.799990E-02   1.717767E-03
  5.050000E-07   2.000000E-09   2.474572E-09   1.757979E-09   1.149458E-08   6.016305E-02   1.452621E-03
  5.070000E-07   2.000000E-09   2.484649E-09   1.373763E-09   1.156465E-08   6.233503E-02   1.426065E-03
  5.090000E-07   2.000000E-09   3.651229E-09   1.702787E-09   1.160492E-08   6.552674E-02   1.790635E-03
  5.110000E-07   2.000000E-09   2.773219E-09   1.296577E-09   1.168280E-08   6.795094E-02   1.605524E-03
  5.130000E-07   2.000000E-09   2.961993E-09   1.641554E-09   1.174792E-08   7.054016E-02   1.881592E-03
  5.150000E-07   2.000000E-09   3.515486E-09   2.420559E-09   1.182350E-08   7.361317E-02   2.383492E-03
  5.170000E-07   2.000000E-09   3.889796E-09   1.709417E-09   1.186766E-08   7.701339E-02   2.099281E-03
  5.190000E-07   2.000000E-09   3.541519E-09   1.384102E-09   1.194233E-08   8.010925E-02   1.660826E-03
  5.210000E-07   2.000000E-09   3.829527E-09   1.275519E-09   1.203125E-08   8.345683E-02   1.694040E-03
  5.230000E-07   2.000000E-09   4.026758E-09   1.310384E-09   1.210251E-08   8.697682E-02   2.499876E-03
  5.250000E-07   2.000000E-09   2.387967E-09   1.239870E-09   1.218088E-08   8.906426E-02   2.972349E-03
  5.270000E-07   2.000000E-09   3.411639E-09   1.509216E-09   1.220633E-08   9.204654E-02   2.785973E-03
  5.290000E-07   2.000000E-09   2.961487E-09   1.218534E-09   1.223569E-08   9.463530E-02   2.393036E-03
  5.310000E-07   2.000000E-09   2.973647E-09   9.593231E-10   1.227286E-08   9.723468E-02   1.971202E-03
  5.330000E-07   2.000000E-09   2.145167E-09   1.461697E-09   1.231739E-08   9.910987E-02   1.289534E-03
  5.350000E-07   2.000000E-09   2.246027E-09   1.098174E-09   1.234646E-08   1.010732E-01   1.405738E-03
  5.370000E-07   2.000000E-09   2.442363E-09   2.223294E-09   1.236289E-08   1.032082E-01   1.121485E-03
  5.390000E-07   2.000000E-09   2.169455E-09   1.408930E-09   1.239063E-08   1.051046E-01   1.488012E-03
  5.410000E-07   2.000000E-09   2.082140E-09   1.163582E-09   1.241408E-08   1.069247E-01   1.998696E-03
  5.430000E-07   2.000000E-09   1.710457E-09   7.490081E-10   1.244056E-08   1.084199E-01   1.816594E-03
  5.450000E-07   2.000000E-09   2.098218E-09   1.477380E-09   1.247109E-08   1.102541E-01   1.280515E-03
  5.470000E-07   2.000000E-09   1.818570E-09   1.233010E-09   1.249499E-08   1.118438E-01   1.678118E-03
  5.490000E-07   2.000000E-09   1.441408E-09   1.450897E-09   1.253465E-08   1.131037E-01   1.381828E-03
  5.510000E-07   2.000000E-09   9.639897E-10   9.088899E-10   1.255497E-08   1.139464E-01   1.785266E-03
  5.530000E-07   2.000000E-09   1.064394E-09   7.145217E-10   1.260058E-08   1.148769E-01   1.737211E-03
  5.550000E-07   2.000000E-09   9.715447E-10   6.476139E-10   1.263544E-08   1.157261E-01   1.541428E-03
  5.570000E-07   2.000000E-09   1.461541E-09   1.148698E-09   1.267462E-08   1.170037E-01   1.319492E-03
  5.590000E-07   2.000000E-09   1.564503E-09   1.319889E-09   1.270813E-08   1.183713E-01   1.164751E-03
  5.610000E-07   2.000000E-09   1.865292E-09   1.987414E-09   1.274894E-08   1.200019E-01   1.632978E-03
  5.630000E-07   2.000000E-09   9.847874E-10   9.283172E-10   1.278263E-08   1.208627E-01   1.902144E-03
  5.650000E-07   2.000000E-09   7.905071E-10   1.020390E-09   1.283143E-08   1.215537E-01   2.080785E-03
  5.670000E-07   2.000000E-09   7.935720E-10   1.219649E-09   1.287760E-08   1.222474E-01   1.421156E-03
  5.690000E-07   2.000000E-09   1.095131E-09   8.717608E-10   1.293948E-08   1.232047E-01   9.369802E-04
  5.710000E-07   2.000000E-09   1.198906E-09   1.031895E-09   1.297735E-08   1.242528E-01   9.104401E-04
  5.730000E-07   2.000000E-09   1.303701E-09   8.262736E-10   1.303748E-08   1.253924E-01   1.208412E-03
  5.750000E-07   2.000000E-09   2.314187E-09   1.427035E-09   1.305991E-08   1.274154E-01   1.788912E-03
  5.770000E-07   2.000000E-09   1.514684E-09   1.367729E-09   1.305877E-08   1.287394E-01   1.920974E-03
  5.790000E-07   2.000000E-09   1.823147E-09   1.149844E-09   1.305778E-08   1.303331E-01   1.607038E-03
  5.810000E-07   2.000000E-09   2.338386E-09   1.730769E-09   1.305883E-08   1.323772E-01   1.791153E-03
  5.830000E-07   2.000000E-09   2.447945E-09   1.096468E-09   1.306096E-08   1.345171E-01   1.881620E-03
  5.850000E-07   2.000000E-09   2.252110E-09   1.726277E-09   1.306449E-08   1.364858E-01   2.131189E-03
  5.870000E-07   2.000000E-09   2.465326E-09   1.386368E-09   1.306967E-08   1.386408E-01   1.341174E-03
  5.890000E-07   2.000000E-09   2.884870E-09   1.356440E-09   1.307540E-08   1.411626E-01   1.644391E-03
  5.910000E-07   2.000000E-09   2.999375E-09   1.498811E-09   1.308152E-08   1.437845E-01   1.918036E-03
  5.930000E-07   2.000000E-09   3.112821E-09   2.075584E-09   1.308786E-08   1.465056E-01   2.578532E-03
  5.950000E-07   2.000000E-09   4.061052E-09   1.731501E-09   1.309931E-08   1.500556E-01   2.828920E-03
  5.970000E-07   2.000000E-09   4.179499E-09   2.741998E-09   1.310932E-08   1.537090E-01   3.361036E-03
  5.990000E-07   2.000000E-09   3.667895E-09   1.330504E-09   1.311999E-08   1.569153E-01   3.516457E-03
  6.010000E-07   2.000000E-09   5.259054E-09   1.567042E-09   1.313373E-08   1.615125E-01   3.219017E-03
  6.030000E-07   2.000000E-09   5.908379E-09   2.122015E-09   1.314573E-08   1.666773E-01   3.019497E-03
  6.050000E-07   2.000000E-09   4.764371E-09   2.790753E-09   1.316575E-08   1.708420E-01   2.752936E-03
  6.070000E-07   2.000000E-09   6.691199E-09   1.940782E-09   1.317838E-08   1.766911E-01   2.264451E-03
  6.090000E-07   2.000000E-09   4.901556E-09   2.420026E-09   1.319848E-08   1.809758E-01   2.420012E-03
  6.110000E-07   2.000000E-09   6.628866E-09   1.938945E-09   1.321525E-08   1.867704E-01   2.469933E-03
  6.130000E-07   2.000000E-09   5.686193E-09   1.136288E-09   1.323899E-08   1.917410E-01   2.005226E-03
  6.150000E-07   2.000000E-09   6.133550E-09   1.833106E-09   1.325766E-08   1.971026E-01   2.496823E-03
  6.170000E-07   2.000000E-09   7.018522E-09   2.289677E-09   1.328373E-08   2.032378E-01   2.094848E-03
  6.190000E-07   2.000000E-09   8.340022E-09   3.577378E-09   1.330264E-08   2.105281E-01   3.442033E-03
  6.210000E-07   2.000000E-09   6.411265E-09   4.297752E-09   1.332762E-08   2.161325E-01   4.183564E-03
  6.230000E-07   2.000000E-09   7.849892E-09   2.453193E-09   1.335689E-08   2.229945E-01   4.511270E-03
  6.250000E-07   2.000000E-09   5.030061E-09   1.871005E-09   1.339097E-08   2.273915E-01   4.001304E-03
  6.270000E-07   2.000000E-09   6.253386E-09   2.316420E-09   1.341385E-08   2.328579E-01   3.837070E-03
  6.290000E-07   2.000000E-09   5.832987E-09   1.645362E-09   1.344190E-08   2.379569E-01   2.775076E-03
  6.310000E-07   2.000000E-09   6.403933E-09   1.710710E-09   1.347364E-08   2.435549E-01   2.146111E-03
  6.330000E-07   2.000000E-09   6.534246E-09   3.017904E-09   1.351054E-08   2.492667E-01   3.012232E-03
  6.350000E-07   2.000000E-09   5.778563E-09   3.660766E-09   1.354585E-08   2.543180E-01   2.257822E-03
  6.370000E-07   2.000000E-09   6.355058E-09   2.105407E-09   1.358012E-08   2.598733E-01   2.765934E-03
  6.390000E-07   2.000000E-09   4.919246E-09   1.683697E-09   1.361359E-08   2.641734E-01   2.191326E-03
  6.410000E-07   2.000000E-09   4.935301E-09   2.491529E-09   1.364762E-08   2.684876E-01   2.292986E-03
  6.430000E-07   2.000000E-09   5.962667E-09   2.956258E-09   1.363670E-08   2.736999E-01   1.725890E-03
  6.450000E-07   2.000000E-09   3.837154E-09   2.073328E-09   1.361930E-08   2.770541E-01   2.873004E-03
  6.470000E-07   2.000000E-09   5.094091E-09   2.461277E-09   1.359578E-08   2.815071E-01   4.339432E-03
  6.490000E-07   2.000000E-09   4.314271E-09   2.193745E-09   1.357876E-08   2.852784E-01   4.354700E-03
  6.510000E-07   2.000000E-09   3.645471E-09   1.293849E-09   1.356063E-08   2.884651E-01   4.758477E-03
  6.530000E-07   2.000000E-09   3.542175E-09   1.256597E-09   1.353871E-08   2.915615E-01   4.238538E-03
  6.550000E-07   2.000000E-09   5.616160E-09   3.215769E-09   1.352282E-08   2.964708E-01   3.166831E-03
  6.570000E-07   2.000000E-09   4.024272E-09   2.615300E-09   1.350859E-08   2.999886E-01   3.554644E-03
  6.590000E-07   2.000000E-09   4.613139E-09   2.173416E-09   1.348937E-08   3.040212E-01   3.732478E-03
  6.610000E-07   2.000000E-09   4.164923E-09   2.996465E-09   1.347385E-08   3.076619E-01   3.563538E-03
  6.630000E-07   2.000000E-09   4.873957E-09   2.103866E-09   1.346051E-08   3.119224E-01   3.476824E-03
  6.650000E-07   2.000000E-09   5.469855E-09   1.824376E-09   1.344959E-08   3.167038E-01   3.188733E-03
  6.670000E-07   2.000000E-09   5.252114E-09   3.490223E-09   1.343817E-08   3.212949E-01   2.854728E-03
  6.690000E-07   2.000000E-09   6.437946E-09   2.422266E-09   1.342883E-08   3.269226E-01   3.717361E-03
  6.710000E-07   2.000000E-09   8.336433E-09   3.340010E-09   1.341698E-08   3.342099E-01   3.321568E-03
  6.730000E-07   2.000000E-09   6.712562E-09   7.944692E-10   1.340815E-08   3.400777E-01   3.046642E-03
  6.750000E-07   2.000000E-09   8.386856E-09   3.315147E-09   1.339954E-08   3.474091E-01   3.484404E-03
  6.770000E-07   2.000000E-09   1.101780E-08   3.305269E-09   1.339224E-08   3.570402E-01   4.049265E-03
  6.790000E-07   2.000000E-09   1.093101E-08   3.873348E-09   1.338602E-08   3.665956E-01   4.773738E-03
  6.810000E-07   2.000000E-09   1.060772E-08   1.901323E-09   1.338039E-08   3.758683E-01   5.128399E-03
  6.830000E-07   2.000000E-09   1.386428E-08   3.829961E-09   1.337526E-08   3.879878E-01   7.416211E-03
  6.850000E-07   2.000000E-09   1.402365E-08   3.662006E-09   1.337145E-08   4.002465E-01   4.911171E-03
  6.870000E-07   2.000000E-09   1.562687E-08   3.537039E-09   1.336859E-08   4.139066E-01   5.071573E-03
  6.890000E-07   2.000000E-09   1.953285E-08   4.048708E-09   1.336604E-08   4.309812E-01   4.289707E-03
  6.910000E-07   2.000000E-09   2.092019E-08   3.869868E-09   1.336465E-08   4.492686E-01   3.620530E-03
  6.930000E-07   2.000000E-09   2.291870E-08   5.125297E-09   1.336414E-08   4.693029E-01   4.038498E-03
  6.950000E-07   2.000000E-09   2.626549E-08   3.353584E-09   1.336454E-08   4.922628E-01   5.142474E-03
  6.970000E-07   2.000000E-09   2.951387E-08   4.558649E-09   1.336163E-08   5.180622E-01   4.695207E-03
  6.990000E-07   2.000000E-09   2.642161E-08   5.827288E-09   1.334116E-08   5.411586E-01   3.666183E-03
  7.010000E-07   2.000000E-09   2.759787E-08   4.337664E-09   1.332253E-08   5.652833E-01   4.153057E-03
  7.030000E-07   2.000000E-09   3.198591E-08   5.740746E-09   1.330199E-08   5.932436E-01   6.070800E-03
  7.050000E-07   2.000000E-09   3.651629E-08   5.337313E-09   1.328268E-08   6.251642E-01   6.681351E-03
  7.070000E-07   2.000000E-09   3.723631E-08   8.005932E-09   1.326490E-08   6.577141E-01   7.567669E-03
  7.090000E-07   2.000000E-09   3.672268E-08   8.233061E-09   1.324787E-08   6.898153E-01   1.191157E-02
  7.110000E-07   2.000000E-09   3.856956E-08   8.400115E-09   1.323071E-08   7.235306E-01   8.331754E-03
  7.130000E-07   2.000000E-09   3.493312E-08   6.885416E-09   1.321597E-08   7.540672E-01   8.095763E-03
  7.150000E-07   2.000000E-09   3.140245E-08   6.421636E-09   1.320019E-08   7.815175E-01   7.325475E-03
  7.170000E-07   2.000000E-09   3.337263E-08   6.040298E-09   1.318584E-08   8.106900E-01   6.842049E-03
  7.190000E-07   2.000000E-09   2.566695E-08   5.604121E-09   1.317128E-08   8.331267E-01   6.227866E-03
  7.210000E-07   2.000000E-09   2.371652E-08   7.610180E-09   1.315895E-08   8.538586E-01   5.933291E-03
  7.230000E-07   2.000000E-09   2.036594E-08   5.478914E-09   1.314793E-08   8.716614E-01   4.459580E-03
  7.250000E-07   2.000000E-09   1.915753E-08   4.911925E-09   1.313468E-08   8.884080E-01   6.046893E-03
  7.270000E-07   2.000000E-09   1.755370E-08   3.969261E-09   1.312482E-08   9.037525E-01   4.264156E-03
  7.290000E-07   2.000000E-09   1.760314E-08   3.112523E-09   1.311436E-08   9.191402E-01   4.364225E-03
  7.310000E-07   2.000000E-09   1.419903E-08   4.239120E-09   1.310421E-08   9.315523E-01   3.456010E-03
  7.330000E-07   2.000000E-09   1.103037E-08   3.585910E-09   1.309533E-08   9.411944E-01   1.984979E-03
  7.350000E-07   2.000000E-09   7.846083E-09   2.874943E-09   1.308871E-08   9.480531E-01   2.278886E-03
  7.370000E-07   2.000000E-09   8.898967E-09   2.879992E-09   1.307984E-08   9.558320E-01   3.343824E-03
  7.390000E-07   2.000000E-09   6.595887E-09   4.110937E-09   1.307407E-08   9.615978E-01   4.106200E-03
  7.410000E-07   2.000000E-09   4.668774E-09   2.679070E-09   1.306931E-08   9.656790E-01   4.286628E-03
  7.430000E-07   2.000000E-09   4.810560E-09   3.067455E-09   1.306350E-08   9.698842E-01   3.556803E-03
  7.450000E-07   2.000000E-09   1.954974E-09   1.266668E-09   1.305849E-08   9.715931E-01   3.012525E-03
  7.470000E-07   2.000000E-09   3.399377E-09   1.533760E-09   1.305374E-08   9.745647E-01   2.165898E-03
  7.490000E-07   2.000000E-09   2.228206E-09   8.833694E-10   1.305102E-08   9.765124E-01   1.910332E-03
  7.510000E-07   2.000000E-09   1.839411E-09   1.661556E-09   1.304837E-08   9.781204E-01   1.595501E-03
  7.530000E-07   2.000000E-09   9.230694E-10   1.085614E-09   1.304601E-08   9.789272E-01   1.661872E-03
  7.550000E-07   2.000000E-09   1.584698E-09   1.498755E-09   1.304504E-08   9.803125E-01   1.082554E-03
  7.570000E-07   2.000000E-09   0.000000E+00   0.000000E+00   0.000000E+00   9.803125E-01   1.082554E-03
  7.590000E-07   2.000000E-09   1.326472E-10   4.194672E-10   1.304449E-08   9.804285E-01   1.169582E-03
  7.610000E-07   2.000000E-09   2.663308E-10   5.614746E-10   1.304597E-08   9.806613E-01   8.703887E-04
  7.630000E-07   2.000000E-09   1.334114E-10   4.218838E-10   1.304692E-08   9.807779E-01   7.464252E-04
  7.650000E-07   2.000000E-09   2.678414E-10   5.646594E-10   1.305123E-08   9.810120E-01   6.143620E-04
  7.670000E-07   2.000000E-09   1.340403E-10   4.238726E-10   1.305146E-08   9.811292E-01   6.307600E-04
  7.690000E-07   2.000000E-09   0.000000E+00   0.000000E+00   0.000000E+00   9.811292E-01   6.307600E-04
  7.710000E-07   2.000000E-09   0.000000E+00   0.000000E+00   0.000000E+00   9.811292E-01   6.307600E-04
  7.730000E-07   2.000000E-09   0.000000E+00   0.000000E+00   0.000000E+00   9.811292E-01   6.307600E-04
  7.750000E-07   2.000000E-09   0.000000E+00   0.000000E+00   0.000000E+00   9.811292E-01   6.307600E-04
  7.770000E-07   2.000000E-09   0.000000E+00   0.000000E+00   0.000000E+00   9.811292E-01   6.307600E-04
  7.790000E-07   2.000000E-09   1.363368E-10   4.311347E-10   1.299461E-08   9.812484E-01   8.374041E-04
  7.810000E-07   2.000000E-09   0.000000E+00   0.000000E+00   0.000000E+00   9.812484E-01   8.374041E-04
  7.830000E-07   2.000000E-09   1.369890E-10   4.331973E-10   1.297958E-08   9.813681E-01   9.869712E-04
  7.850000E-07   2.000000E-09   2.746847E-10   5.790865E-10   1.297471E-08   9.816083E-01   1.193861E-03
  7.870000E-07   2.000000E-09   5.509914E-10   7.113273E-10   1.296875E-08   9.820899E-01   9.902736E-04
  7.890000E-07   2.000000E-09   6.908520E-10   9.769494E-10   1.295977E-08   9.826938E-01   1.109915E-03
  7.910000E-07   2.000000E-09   8.306446E-10   9.679310E-10   1.295647E-08   9.834199E-01   1.024034E-03
  7.930000E-07   2.000000E-09   2.359185E-09   1.856155E-09   1.295285E-08   9.854821E-01   1.567001E-03
  7.950000E-07   2.000000E-09   3.060623E-09   1.710208E-09   1.294777E-08   9.881575E-01   1.822305E-03
  7.970000E-07   2.000000E-09   5.997696E-09   3.086906E-09   1.294488E-08   9.934004E-01   2.093361E-03
  7.990000E-07   2.000000E-09   7.549708E-09   2.394767E-09   1.294194E-08   1.000000E+00   0.000000E+00