fitX0 dataMean dataStd fitMeasValMean fitMeasValStd
  1.650000E+07   1.026000E+04   6.970000E+02   1.144832E+04   2.981996E+01
  1.750000E+07   1.071000E+04   5.191000E+02   1.106139E+04   2.674769E+01
  1.850000E+07   1.041000E+04   3.982000E+02   1.066445E+04   2.377192E+01
  1.950000E+07   1.034000E+04   3.165000E+02   1.025928E+04   2.091874E+01
  2.050000E+07   9.750000E+03   2.558000E+02   9.847642E+03   1.821147E+01
  2.150000E+07   9.617000E+03   2.122000E+02   9.431297E+03   1.567050E+01
  2.250000E+07   9.173000E+03   1.826000E+02   9.011971E+03   1.331331E+01
  2.350000E+07   8.671000E+03   1.593000E+02   8.591357E+03   1.115468E+01
  2.450000E+07   8.038000E+03   1.362000E+02   8.171098E+03   9.207113E+00
  2.550000E+07   7.819000E+03   1.239000E+02   7.752782E+03   7.481624E+00
  2.650000E+07   7.398000E+03   1.112000E+02   7.337931E+03   5.988954E+00
  2.750000E+07   6.900000E+03   9.883000E+01   6.927995E+03   4.741205E+00
  2.850000E+07   6.584000E+03   9.151000E+01   6.524341E+03   3.752965E+00
  2.950000E+07   6.145000E+03   8.187000E+01   6.128250E+03   3.038292E+00
  3.050000E+07   5.730000E+03   7.452000E+01   5.740909E+03   2.596304E+00
  3.150000E+07   5.302000E+03   6.831000E+01   5.363410E+03   2.387612E+00
  3.250000E+07   4.937000E+03   6.210000E+01   4.996742E+03   2.332266E+00
  3.350000E+07   4.587000E+03   5.844000E+01   4.641794E+03   2.344133E+00
  3.450000E+07   4.331000E+03   5.428000E+01   4.299345E+03   2.361679E+00
  3.550000E+07   3.914000E+03   4.882000E+01   3.970073E+03   2.352007E+00
  3.650000E+07   3.652000E+03   4.575000E+01   3.654547E+03   2.302347E+00
  3.750000E+07   3.440000E+03   4.284000E+01   3.353233E+03   2.211734E+00
  3.850000E+07   3.121000E+03   3.948000E+01   3.066491E+03   2.085633E+00
  3.950000E+07   2.820000E+03   3.607000E+01   2.794584E+03   1.932812E+00
  4.050000E+07   2.544000E+03   3.364000E+01   2.537674E+03   1.763550E+00
  4.150000E+07   2.309000E+03   3.048000E+01   2.295829E+03   1.588547E+00
  4.250000E+07   2.042000E+03   2.780000E+01   2.069030E+03   1.418188E+00
  4.350000E+07   1.832000E+03   2.643000E+01   1.857170E+03   1.261874E+00
  4.450000E+07   1.652000E+03   2.465000E+01   1.660064E+03   1.127226E+00
  4.550000E+07   1.491000E+03   2.299000E+01   1.477452E+03   1.019032E+00
  4.650000E+07   1.315000E+03   2.081000E+01   1.309007E+03   9.382105E-01
  4.750000E+07   1.141000E+03   1.925000E+01   1.154339E+03   8.814545E-01
  4.850000E+07   1.025000E+03   1.748000E+01   1.013003E+03   8.421964E-01
  4.950000E+07   8.716000E+02   1.653000E+01   8.845033E+02   8.126255E-01
  5.050000E+07   7.593000E+02   1.509000E+01   7.683038E+02   7.856861E-01
  5.150000E+07   6.654000E+02   1.436000E+01   6.638308E+02   7.562518E-01
  5.250000E+07   5.754000E+02   1.310000E+01   5.704812E+02   7.214284E-01
  5.350000E+07   4.866000E+02   1.248000E+01   4.876285E+02   6.803441E-01
  5.450000E+07   4.103000E+02   1.130000E+01   4.146287E+02   6.337573E-01
  5.550000E+07   3.481000E+02   1.018000E+01   3.508266E+02   5.836545E-01
  5.650000E+07   3.006000E+02   9.672000E+00   2.955612E+02   5.328830E-01
  5.750000E+07   2.342000E+02   8.846000E+00   2.481713E+02   4.847867E-01
  5.850000E+07   2.156000E+02   8.376000E+00   2.080002E+02   4.427583E-01
  5.950000E+07   1.771000E+02   7.928000E+00   1.744008E+02   4.096164E-01
  6.050000E+07   1.606000E+02   7.289000E+00   1.467399E+02   3.868456E-01
  6.150000E+07   1.296000E+02   7.051000E+00   1.244018E+02   3.740261E-01
  6.250000E+07   1.080000E+02   6.859000E+00   1.067922E+02   3.689154E-01
  6.350000E+07   9.147000E+01   6.520000E+00   9.334130E+01   3.682397E-01
  6.450000E+07   7.720000E+01   6.153000E+00   8.350634E+01   3.686930E-01
  6.600000E+07   7.262500E+01   5.826061E+00   7.441964E+01   3.659703E-01
  6.750000E+07   7.112000E+01   5.683000E+00   7.072302E+01   3.551513E-01
  6.850000E+07   7.190000E+01   5.404000E+00   7.053999E+01   3.430845E-01
  6.950000E+07   6.680000E+01   5.562000E+00   7.173307E+01   3.279808E-01
  7.050000E+07   7.792000E+01   5.344000E+00   7.395671E+01   3.112236E-01
  7.150000E+07   7.334000E+01   5.442000E+00   7.690029E+01   2.946043E-01
  7.300000E+07   7.324000E+01   5.170633E+00   8.207105E+01   2.742050E-01
  7.450000E+07   9.144000E+01   4.969000E+00   8.745922E+01   2.639830E-01
  7.550000E+07   9.154000E+01   5.089000E+00   9.085685E+01   2.638247E-01
  7.650000E+07   9.737000E+01   4.836000E+00   9.392319E+01   2.682193E-01
  7.800000E+07   9.974000E+01   4.965003E+00   9.765079E+01   2.799297E-01
  7.950000E+07   9.548000E+01   4.936000E+00   1.000875E+02   2.925177E-01
  8.050000E+07   1.038000E+02   4.777000E+00   1.009090E+02   2.989476E-01
  8.200000E+07   1.029000E+02   4.688568E+00   1.008818E+02   3.033226E-01
  8.350000E+07   1.000000E+02   4.710000E+00   9.935294E+01   3.002252E-01
  8.500000E+07   9.896500E+01   4.392791E+00   9.640409E+01   2.899409E-01
  8.650000E+07   8.970000E+01   4.190000E+00   9.217903E+01   2.741148E-01
  8.750000E+07   8.430000E+01   4.055000E+00   8.874560E+01   2.617409E-01
  8.900000E+07   8.215000E+01   4.062288E+00   8.283109E+01   2.426932E-01
  9.050000E+07   8.019000E+01   3.820000E+00   7.620817E+01   2.257241E-01
  9.200000E+07   6.792000E+01   3.765909E+00   6.911879E+01   2.131100E-01
  9.400000E+07   6.144000E+01   3.347551E+00   5.935210E+01   2.041870E-01
  9.550000E+07   4.698000E+01   3.263000E+00   5.208065E+01   2.019411E-01
  9.700000E+07   4.880500E+01   3.019625E+00   4.507666E+01   2.010892E-01
  9.850000E+07   3.488000E+01   2.658000E+00   3.850919E+01   1.994783E-01
  1.000000E+08   3.133500E+01   5.355000E+00   3.251527E+01   1.956084E-01
  1.020000E+08   2.540000E+01   2.388443E+00   2.558856E+01   1.858514E-01
  1.040000E+08   2.210000E+01   2.355477E+00   2.000961E+01   1.712283E-01
  1.055000E+08   1.679000E+01   2.167000E+00   1.674074E+01   1.581166E-01
  1.070000E+08   1.272000E+01   2.130000E+00   1.424158E+01   1.443111E-01
  1.090000E+08   1.199000E+01   1.885468E+00   1.203163E+01   1.266620E-01
  1.110000E+08   1.078450E+01   1.702264E+00   1.095774E+01   1.117658E-01
  1.130000E+08   1.140500E+01   1.731539E+00   1.081576E+01   1.007597E-01
  1.150000E+08   1.238500E+01   1.655612E+00   1.137355E+01   9.366303E-02
  1.170000E+08   1.147500E+01   1.540019E+00   1.239029E+01   8.970564E-02
  1.190000E+08   1.254000E+01   1.517359E+00   1.363392E+01   8.786987E-02
  1.210000E+08   1.415500E+01   1.445961E+00   1.489549E+01   8.722036E-02
  1.230000E+08   1.389000E+01   1.574795E+00   1.600023E+01   8.694620E-02
  1.250000E+08   1.696500E+01   1.362881E+00   1.681470E+01   8.633884E-02
  1.270000E+08   1.761500E+01   1.390787E+00   1.725022E+01   8.486005E-02
  1.290000E+08   1.737500E+01   1.386549E+00   1.726281E+01   8.227280E-02
  1.310000E+08   1.643500E+01   1.280066E+00   1.685000E+01   7.873234E-02
  1.330000E+08   1.689000E+01   1.278225E+00   1.604523E+01   7.475481E-02
  1.355000E+08   1.459333E+01   1.148899E+00   1.458448E+01   7.020439E-02
  1.380000E+08   1.308500E+01   1.083018E+00   1.277220E+01   6.696003E-02
  1.400000E+08   1.066000E+01   1.008042E+00   1.119354E+01   6.521179E-02
  1.425000E+08   9.602333E+00   8.989215E-01   9.214013E+00   6.315609E-02
  1.450000E+08   6.813500E+00   9.945000E-01   7.380941E+00   6.011049E-02
  1.475000E+08   5.638333E+00   7.721254E-01   5.824181E+00   5.556303E-02
  1.500000E+08   4.227500E+00   7.251060E-01   4.628014E+00   5.006473E-02
  1.525000E+08   3.733667E+00   6.513617E-01   3.827790E+00   4.501977E-02
  1.550000E+08   3.672000E+00   6.044715E-01   3.412492E+00   4.189948E-02
  1.575000E+08   3.489000E+00   5.825703E-01   3.332136E+00   4.108892E-02
  1.605000E+08   3.363000E+00   5.722698E-01   3.566431E+00   4.164330E-02
  1.630000E+08   4.032500E+00   7.735000E-01   3.926225E+00   4.172482E-02
  1.655000E+08   3.888667E+00   6.417384E-01   4.332576E+00   4.074658E-02
  1.685000E+08   5.482000E+00   6.099812E-01   4.761014E+00   3.862627E-02
  1.715000E+08   4.570000E+00   6.335079E-01   5.019184E+00   3.692950E-02
  1.745000E+08   4.731667E+00   6.486227E-01   5.043064E+00   3.680033E-02
  1.775000E+08   5.371667E+00   6.146798E-01   4.820705E+00   3.779500E-02
  1.805000E+08   4.594667E+00   5.898816E-01   4.386020E+00   3.843714E-02
  1.835000E+08   4.097000E+00   6.126857E-01   3.806181E+00   3.760931E-02
  1.865000E+08   2.980667E+00   5.647474E-01   3.165548E+00   3.522003E-02
  1.895000E+08   2.485333E+00   5.072194E-01   2.549169E+00   3.212030E-02
  1.925000E+08   2.099000E+00   4.805493E-01   2.028544E+00   2.956748E-02
  1.960000E+08   1.575250E+00   4.586493E-01   1.604537E+00   2.827887E-02
  1.995000E+08   1.082000E+00   4.312984E-01   1.402213E+00   2.824308E-02
  2.025000E+08   1.565333E+00   3.535773E-01   1.389053E+00   2.813489E-02
  2.060000E+08   1.683750E+00   4.103361E-01   1.508824E+00   2.724197E-02
  2.095000E+08   1.877000E+00   4.200627E-01   1.699349E+00   2.576744E-02
  2.130000E+08   1.874750E+00   4.122473E-01   1.881189E+00   2.449300E-02
  2.170000E+08   2.328000E+00   3.907705E-01   1.998101E+00   2.395963E-02
  2.205000E+08   2.227333E+00   4.311102E-01   1.982711E+00   2.406302E-02
  2.240000E+08   1.879500E+00   4.227508E-01   1.855363E+00   2.401516E-02
  2.280000E+08   1.524250E+00   3.861670E-01   1.606255E+00   2.321350E-02
  2.320000E+08   1.313250E+00   3.827379E-01   1.308162E+00   2.183339E-02
  2.360000E+08   1.185675E+00   3.424023E-01   1.030001E+00   2.083954E-02
  2.400000E+08   4.407150E-01   3.629319E-01   8.255732E-01   2.091271E-02
  2.440000E+08   7.312750E-01   3.089633E-01   7.206309E-01   2.149965E-02
  2.480000E+08   6.345750E-01   3.124525E-01   7.099984E-01   2.151429E-02
  2.520000E+08   8.318750E-01   2.854035E-01   7.639146E-01   2.057562E-02
  2.560000E+08   9.510750E-01   3.313262E-01   8.403192E-01   1.928153E-02
  2.605000E+08   9.155200E-01   3.234049E-01   9.031100E-01   1.843464E-02
  2.650000E+08   7.529250E-01   3.029858E-01   9.055527E-01   1.819774E-02
  2.695000E+08   6.441800E-01   2.911747E-01   8.395612E-01   1.752012E-02
  2.740000E+08   5.894000E-01   2.784777E-01   7.244443E-01   1.594831E-02
  2.785000E+08   6.441600E-01   2.855120E-01   5.952652E-01   1.428631E-02
  2.835000E+08   3.067000E-01   2.942624E-01   4.781229E-01   1.382891E-02
  2.885000E+08   2.520600E-01   2.654797E-01   4.173793E-01   1.473590E-02
  2.935000E+08   5.439600E-01   2.590751E-01   4.145797E-01   1.533672E-02
  2.985000E+08   3.534400E-01   2.577222E-01   4.466802E-01   1.467799E-02
  3.035000E+08   4.531400E-01   2.758385E-01   4.800799E-01   1.325349E-02
  3.085000E+08   6.873000E-01   2.463523E-01   4.869513E-01   1.230738E-02
  3.135000E+08   3.774200E-01   2.490429E-01   4.564433E-01   1.210612E-02
  3.185000E+08   3.173800E-01   2.501240E-01   3.967124E-01   1.151212E-02
  3.240000E+08   2.253017E-01   2.488718E-01   3.219117E-01   9.696478E-03
  3.295000E+08   4.636000E-03   2.764504E-01   2.652958E-01   8.200133E-03
  3.350000E+08   1.614667E-02   2.569152E-01   2.422637E-01   8.889909E-03
  3.410000E+08   2.427683E-01   2.233933E-01   2.506924E-01   1.006932E-02
  3.465000E+08   2.677738E-01   2.042456E-01   2.698578E-01   9.756344E-03
  3.520000E+08   3.650667E-01   2.098047E-01   2.795298E-01   8.761027E-03
  3.580000E+08   2.946283E-01   2.000765E-01   2.668602E-01   8.336921E-03
  3.640000E+08   3.249333E-01   2.011397E-01   2.334537E-01   8.202260E-03
  3.705000E+08   1.592600E-01   2.178152E-01   1.920098E-01   7.453946E-03
  3.770000E+08   2.954800E-01   1.868499E-01   1.645135E-01   6.905357E-03
  3.830000E+08   1.078200E-01   2.142793E-01   1.577510E-01   6.998370E-03
  3.895000E+08   1.641939E-01   2.105057E-01   1.632812E-01   6.920497E-03
  3.965000E+08   1.833557E-01   1.987380E-01   1.679632E-01   6.392729E-03