453.7133417415803
450.4804416478806
447.2418136889838
443.9975979341191
440.7480455618509
437.4934112104206
434.2339176870183
430.9697564878781
427.7011584362339
424.4284280535416
421.1517335098538
417.8713864883077
414.5875632145134
411.3005824538882
408.0106627600549
404.7180953050232
401.4231063133573
398.1259601377146
394.8269585800693
391.5263391900863
388.2244106928164
384.9214180353026
381.6176767143526
378.3134389313423
375.0090267836663
371.7046995637579
368.4007857779472
365.097551625566
361.7953318091233
358.49436705976
355.1950305341998
351.897601613063
348.6023949939046
345.3097282947307
342.0199219833703
338.7332681363626
335.450124214073
332.1707879704723
328.8956216872762
325.6248980171565
322.3590145345813
319.0982492751531
315.8429736524704
312.5935010013458
309.3502064533604
306.1133782789703
302.8833954865279
299.6605801130553
296.4453140302698
293.2379226906814
290.038733683107
286.8481328870819
283.6664226831878
280.4940189340563
277.3312266443067
274.1784077844575
271.035951971595
267.9041409224424
264.7833924645998
261.6740171020413
258.5764057037533
255.4908961101881
252.4178524879516
249.3576129760336
246.3105412829079
243.2769752177352
240.2572773837929
237.2517846064929
234.2608577119591
231.2848801978527
228.3241372141745
225.3789859551641
222.4498050413272
219.53690024003
216.6406457609195
213.7613440023792
210.8993189803867
208.0549372118177
205.2285169987466
202.4203959939984
199.6308436248189
196.8602349204477
194.1088547388493
191.3770272907394
188.6650517988166
185.9732441471645
183.3018752337746
180.6512525133571
178.0216781677939
175.4134102372525
172.8267602775083
170.2619576116563
167.7193027376885
165.1990521440755
162.7014567485377
160.2267616831741
157.7752236705288
155.3470575410671
152.9425068789905
150.5617907892487
148.2051215244794
145.8727042743824
143.5647530664984
141.2814417383855
139.022968664836
136.7895079804615
134.581210602002
132.3982499149255
130.2407752075335
128.1089270999678
126.0028373566363
123.9226287025326
121.8684146437627
119.8403127500359
117.8383904197499
115.8627331766816
113.913442161598
111.9905690398474
110.0941562122412
108.2242607969572
106.3809048457113
104.5641239509457
102.7739192976355
101.0102933021756
99.27323743816994
97.56273213972415
95.87873618951778
94.22121863772078
92.59010610240055
90.98535509989992
89.4068703434783
87.85457519469328
86.32835289044567
84.82810401106413
83.35370794213873
81.90502387685164
80.48190877945264
79.08419983166119
77.71173163981263
76.36432740589413
75.04179124320774
73.74392428911179
72.47050909993472
71.22133227999052
69.99614762272739
68.79470631092322
67.61676960539435
66.46205412726198
65.33029360452421
64.22119842866717
63.13446958583298
62.06980477472904
61.02688630328687
60.00538769631402
59.00498492038938
58.02532845013923
57.06607173693327
56.12684976444098
55.207305470045
54.30706394560175
53.42573875919231
52.5629512586332
51.71830227550858
50.89139170237521
50.08181828174524
49.28917530996777
48.51303894561035
47.75299774601781
47.00862417863068
46.27949527504035
45.5651811660303
44.86524601692888
44.17925936225812
43.50678893358936
42.84739123656386
42.20063266021731
41.56607615906898
40.9432821561802
40.33182149201311
39.73125720528397
39.141154747932
38.56108815378767
37.99063165879218
37.42936055287534
36.87685731561591
36.33271188405492
35.79651171877497
35.26785815265525
34.74635635165281
34.23161366567313
33.72325488599389
33.220905540636
32.72419994055232
32.23278395850495
31.74631087050804
31.26444865588481
30.78687144003128
30.31326673908938
29.84333151606977
29.37677697063013
28.91332467490875
28.45270916387241
27.9946824101098
27.53900590296412
27.08545521294756
26.63382230773903
26.18391182910047
25.73554341654885
25.28855584999996
24.8427955618899
24.39813244911888
23.95444835764781
23.51164303426728
23.06962665948036
22.62833505534029
22.18771087197917
21.74772050615255
21.30833917425629
20.86956750422522
20.43141303111538
19.99390296783997
19.5570839347054
19.12101095994985
18.68576162664625
18.25142326087528
17.8180980320452
17.38590780453451
16.95498151605802
16.52546866347936
16.0975250267665
15.67132586872814
15.24705014138659
14.82489840177985
14.40507216872064
13.98779150451164
13.57327956109679
13.16177482231287
12.75351599074186
12.34875704338414
11.94775230846569
11.55076648685912
11.15806613294597
10.76992332967486
10.38661041864289
10.00840767908536
9.635590958378613
9.268439268917561
8.907230937163673
8.552240067051526
8.203740851868048
7.862005076252334
7.527295029684304
7.199872398447501
6.879988785829957
6.567891771146659
6.263817110100227
5.967993407331027
5.68063689510736
5.401955641266303
5.132142632039105
4.871379859821447
4.619833757600833
4.377658012832415
4.144989358571962
3.921950918170045
3.708646082136983
3.50516327779019
3.311572340866816
3.127924778060726
2.954252753380671
2.790570437362336
2.636871368140196
2.493130343996075
2.359301198579973
2.235317778339629
2.121094577627583
2.016525457048838
1.921483890026679
1.835823531048391
1.759378666860247
1.691964369485102
1.633376058158355
1.583391091360886
1.541768786680413
1.508250847779736
1.482562692886545
1.464413329845647
1.453496930883265
1.449493379038046
1.45206921833276
1.460878768014193
1.475565144739767
1.495761502244869
1.521091951544608
1.55117315104029
1.585615348757395
1.624023506041249
1.665999308387968
1.711141907197453
1.759049216159822
1.80931999904607
1.861554917916906
1.915357628040144
1.970336631705845
2.026106698027941
2.08228977386071
2.138516975532889
2.1944294437515
2.249679794208205
2.303933513964964
2.356869703391372
2.408182951088831
2.457583529600203
2.504799110688696
2.549575385596064
2.591676790013417
2.630887394200673
2.667011653019573
2.699874753315189
2.729323334776921
2.75522542552236
2.777471149558559
2.795972533317752
2.810663537586795
2.821500175294856
2.828460094176448
2.83154229893174
2.830766737750306
2.826173732610257
2.817823251510812
2.805794289450338
2.790183787204224
2.771105856096803
2.748690541984595
2.72308286453752
2.69444136519528
2.662936896255307
2.628751518532003
2.59207652316879
2.553111338799271
2.512062261489483
2.469140147874771
2.424559857244598
2.378537676907462
2.331290841164901
2.283035030256173
2.233983416916798
2.184345220788992
2.13432418984982
2.08411702258916
2.033912562956427
1.983890264082855
1.934219209556618
1.885057119293442
1.836549573036582
1.788828910972961
1.742014026502912
1.696209420157478
1.651504941848712
1.6079760344539
1.565683929624738
1.52467210552231
1.48497299792367
1.446601120526124
1.409560439217817
1.373839784653627
1.339413875759164
1.306249287260123
1.274297336953387
1.243503616651387
1.213801573654688
1.185118472265428
1.157376411544919
1.130490159186724
1.104372087630886
1.078933364523093
1.054082196290809
1.029728920927081
1.005785263516418
0.9821657192118771
0.9587907249454831
0.9355845365226381
0.9124796569617399
0.8894155123757537
0.8663416619623193
0.8432153822254232
0.8200050602674348
0.7966906940530069
0.7732615233730936
0.7497189562843282
0.726076154008001
0.7023569952637854
0.6785957892631148
0.6548377364096455
0.6311378663697742
0.6075607203415002
0.5841781139937536
0.5610690195386907
0.5383196773907454
0.5160197482995859
0.494262300174566
0.4731431593345732
0.4527578365875387
0.4332015590868424
0.4145665916988053
0.3969405038426336
0.380406613740606
0.3650400294446781
0.3509084177472113
0.3380695399409286
0.3265704173439056
0.3164461615237556
0.3077195273680414
0.3003999893771562
0.2944831493427535
0.2899508111373558
0.2867702185711969
0.2848947405426491
0.284263950575644
0.2848041227470732
0.2864289801758066
0.2890407315375922
0.2925309058815795
0.2967818197287683
0.3016681469886797
0.3070581931062996
0.3128154918329974
0.3188012492179673
0.3248753422123162
0.3308986527982418
0.3367348571438676
0.3422524515270254
0.3473260110186472
0.3518386041437682
0.3556828681943039
0.3587626140506219
0.3609943040960647
0.3623078659192503
0.3626477916854666
0.3619737070075589
0.3602608396205598
0.3575000951329715
0.3536982159604611
0.3488771113169061
0.3430736382307857
0.3363383424039791
0.3287349301715247
0.3203385364464972
0.3112345843882702
0.3015169297634207
0.2912865435000223
0.2806489387964726
0.2697131646067803
0.2585889482139458
0.2473857231656071
0.2362101119185537
0.2251638162955686
0.214343370571985
0.2038367279067262
0.1937233358406509
0.1840726508810793
0.1749426961193921
0.1663801013443056
0.1584194108719846
0.1510829495379409
0.1443806928591668
0.1383115003807324
0.1328625800077612
0.1280115180512405
0.1237263651643037
0.1199675400020834
0.1166889908539903
0.1138396666646377
0.1113651776466991
0.1092093192209492
0.1073157259447782
0.1056293468594646
0.1040979157619796
0.1026732909133288
0.1013125014227841
0.09997878955063313
0.09864228255352649
0.09728051904786558
0.09587865846391061
0.09442948950657151
0.09293319288628833
0.09139683054233899
0.08983359228535358
0.08826198339947104
0.08670461625142852
0.08518718185561194
0.08373696871646294
0.08238169451017184
0.08114805814689918
0.08006048623820047
0.07913993004022894
0.07840279983685185
0.07786003661892553
0.077516420694549
0.07737009264614043
0.07741231060295641
0.0776274785303738
0.07799342380474031
0.07848191855722421
0.07905945160621068
0.07968819936956986
0.08032716925368116
0.08093351247114243
0.08146388122914275
0.0818758833923145
0.08212950315043513
0.08218847414799285
0.08202155011228557
0.08160361680960718
0.08091661180708816
0.07995021001964009
0.07870226741622775
0.07717891470620121
0.07539454561796732
0.07337123257886692
0.07113817641045066
0.06873066653723234
0.06618904952552009
0.06355724644701739
0.06088140096034021
0.05820832932318182
0.05558400738309482
0.05305199055224467
0.05065210158776591
0.04841918026307856
0.04638196876957125
0.04456239814729909
0.04297496916371239
0.04162657739160296
0.04051649403394981
0.03963675414091161
0.0389727161487206
0.03850394362842389
0.03820522669582052
0.03804780398730356
0.03800065283024773
0.03803184090432575
0.03810984834412445
0.03820481697118869
0.03828966863277136
0.03834104509871526
0.03834003097720273
0.0382726310140583
0.03812998983754833
0.03790834530109093
0.03760873833784829
0.03723647692372065
0.03680043552527118
0.03631217764762867
0.03578499341582038
0.03523288250190058
0.03466959333552943
0.03410766294272465
0.03355765438371178
0.03302750346566397
0.03252208128829628
0.03204300402687169
0.03158862840113937
0.03115429067620889
0.03073275654185304
0.03031483166440057
0.02989010433136054
0.02944778061634655
0.02897753186192809
0.0284703330701426
0.02791918965857809
0.02731976039294838
0.02667077964021334
0.02597432483380701
0.02523578806321833
0.02446370335931614
0.02366932006308517
0.02286599613766903
0.02206845940530047
0.0212919773049966
0.02055143758763775
0.01986051356473648
0.01923083148395644
0.01867130610799441
0.01818763440146893
0.01778197715073207
0.01745287766976863
0.01719539120525317
0.01700144042736877
0.0168603504903282
0.01675954167393723
0.01668532217341196
0.01662372741492043
0.01656135018173789
0.01648610735892047
0.01638788340759968
0.01625902529734545
0.01609463762270481
0.01589268467783233
0.01565388856760798
0.01538143428716604
