1.091062797841279e-06
1.090144977318705e-06
1.089644811011273e-06
1.089545318226746e-06
1.089830013184562e-06
1.090482855364236e-06
1.09148820306729e-06
1.092830770011722e-06
1.094495584823734e-06
1.096467953293058e-06
1.098733423268368e-06
1.101277752098786e-06
1.104086876504984e-06
1.107146884823202e-06
1.110443991515847e-06
1.113964513904088e-06
1.117694851044119e-06
1.121621464702768e-06
1.125730862368227e-06
1.130009582264017e-06
1.134444180313311e-06
1.139021219011188e-06
1.143727258175636e-06
1.14854884753289e-06
1.153472521098103e-06
1.158484793323525e-06
1.163572156970693e-06
1.168721082666575e-06
1.173918020115012e-06
1.17914940090573e-06
1.184401642895081e-06
1.189661156096316e-06
1.194914350040404e-06
1.200147642552813e-06
1.205347469881812e-06
1.210500298140732e-06
1.21559263596278e-06
1.220611048350797e-06
1.225542171602911e-06
1.230372729270002e-06
1.235089549060996e-06
1.239679580597573e-06
1.244129913957666e-06
1.248427798894616e-06
1.25256066466203e-06
1.256516140322885e-06
1.260282075477845e-06
1.263846561283298e-06
1.267197951677552e-06
1.270324884704475e-06
1.273216303832367e-06
1.275861479167788e-06
1.278250028459718e-06
1.28037193777962e-06
1.282217581804928e-06
1.28377774357173e-06
1.285043633626125e-06
1.286006908459395e-06
1.286659688152692e-06
1.286994573130447e-06
1.287004659939892e-06
1.286683555993538e-06
1.286025393170949e-06
1.285024840245128e-06
1.283677114035135e-06
1.281977989268709e-06
1.27992380706177e-06
1.277511482005967e-06
1.274738507809876e-06
1.271602961462501e-06
1.268103505914143e-06
1.264239391231769e-06
1.260010454249624e-06
1.255417116695183e-06
1.250460381796764e-06
1.24514182940208e-06
1.23946360960978e-06
1.233428434948333e-06
1.227039571139195e-06
1.220300826475609e-06
1.213216539866814e-06
1.205791567599813e-06
1.198031268871995e-06
1.189941490150809e-06
1.181528548435992e-06
1.172799213487483e-06
1.163760689082723e-06
1.154420593398852e-06
1.144786938573552e-06
1.134868109548806e-06
1.124672842252866e-06
1.114210201229894e-06
1.103489556780491e-06
1.092520561702347e-06
1.081313127720752e-06
1.069877401685055e-06
1.058223741610939e-06
1.046362692657268e-06
1.034304963110676e-06
1.022061400448541e-06
1.009642967574604e-06
9.970607192697074e-07
9.843257789512838e-07
9.714493158000868e-07
9.584425223013111e-07
9.453165922845559e-07
9.320826994956319e-07
9.187519767603031e-07
9.053354957902704e-07
8.918442476653098e-07
8.782891240382951e-07
8.646808990961384e-07
8.510302123020959e-07
8.373475519593117e-07
8.236432396024831e-07
8.099274152499519e-07
7.962100235221967e-07
7.825008006469552e-07
7.688092623476313e-07
7.551446926326106e-07
7.415161334738368e-07
7.279323753836657e-07
7.144019488714246e-07
7.009331167893356e-07
6.875338675393065e-07
6.74211909139085e-07
6.609746641242718e-07
6.478292652771001e-07
6.347825521512417e-07
6.218410683784548e-07
6.090110597337014e-07
5.962984729279038e-07
5.837089551072544e-07
5.712478540325327e-07
5.589202189041553e-07
5.467308018081759e-07
5.346840597568181e-07
5.227841572828963e-07
5.110349695691283e-07
4.994400860729852e-07
4.880028146196231e-07
4.767261859333537e-07
4.656129585710322e-07
4.546656242342619e-07
4.438864134254711e-07
4.332773014161346e-07
4.228400145054514e-07
4.125760365309363e-07
4.024866156105907e-07
3.925727710855354e-07
3.828353006373715e-07
3.732747875528902e-07
3.638916081149898e-07
3.54685939090248e-07
3.456577652964639e-07
3.368068872218541e-07
3.281329286775791e-07
3.196353444651992e-07
3.113134280359359e-07
3.031663191262867e-07
2.951930113518912e-07
2.873923597436655e-07
2.797630882110575e-07
2.723037969173809e-07
2.650129695564758e-07
2.578889805155477e-07
2.50930101914448e-07
2.441345105118948e-07
2.375002944674644e-07
2.310254599513736e-07
2.247079375958279e-07
2.18545588779565e-07
2.125362117404761e-07
2.066775475097292e-07
2.009672856658667e-07
1.954030699021597e-07
1.899825034061207e-07
1.847031540478068e-07
1.795625593765308e-07
1.745582314226795e-07
1.696876613071919e-07
1.649483236559497e-07
1.603376808213936e-07
1.558531869106342e-07
1.514922916249666e-07
1.472524439072295e-07
1.431310954060324e-07
1.391257037525209e-07
1.352337356582075e-07
1.314526698340911e-07
1.277799997358204e-07
1.24213236137791e-07
1.207499095412357e-07
1.17387572419761e-07
1.141238013065935e-07
1.109561987287875e-07
1.078823949924494e-07
1.04900049824045e-07
1.020068538712386e-07
9.92005300718039e-08
9.647883489008007e-08
9.383955943160798e-08
9.128053043648354e-08
8.915241605936961e-08
8.781669638778827e-08
8.649752068946303e-08
8.51954980117874e-08
8.391118132827079e-08
8.264507015678197e-08
8.139761312480922e-08
8.016921047732074e-08
7.896021652466964e-08
7.777094203016954e-08
7.660165653376699e-08
7.545259061213432e-08
7.432393807355877e-08
7.321585808583133e-08
7.212847723885295e-08
7.106189153918772e-08
7.001616833827072e-08
6.899134819369997e-08
6.798744666324917e-08
6.700445603413849e-08
6.604234698553406e-08
6.510107018728552e-08
6.41805578342238e-08
6.328072511856025e-08
6.240147163999118e-08
6.154268275599584e-08
6.070423087293809e-08
5.988597667964612e-08
5.908777032486679e-08
5.830945254039708e-08
5.755085571083706e-08
5.681180489228779e-08
5.6092118781212e-08
5.53916106353151e-08
5.471008914792023e-08
5.404735927796307e-08
5.340322303679233e-08
5.277748023380487e-08
5.216992918270138e-08
5.158036736973195e-08
5.100859208593685e-08
5.045440102477791e-08
4.991759284713349e-08
4.9397967714928e-08
4.889532779537806e-08
4.840947773691775e-08
4.794022511916168e-08
4.748738087749049e-08
4.705075970434364e-08
4.663018042875519e-08
4.622546637502349e-08
4.583644570246447e-08
4.546295172736931e-08
4.510482322836614e-08
4.476190473686378e-08
4.443404681343339e-08
4.41211063116807e-08
4.382294663056943e-08
4.353943795673229e-08
4.327045749735366e-08
4.301588970529423e-08
4.277562649726056e-08
4.254956746626535e-08
4.233762008904243e-08
4.21396999298825e-08
4.195573084184948e-08
4.178564516593697e-08
4.162938392958628e-08
4.148689704524333e-08
4.135814351009372e-08
4.124309160766353e-08
4.114171911240686e-08
4.105401349795199e-08
4.097997215015483e-08
4.091960258570775e-08
4.087292267696942e-08
4.083996088468733e-08
4.082075649813089e-08
4.081535988505975e-08
4.082383275131048e-08
4.08462484112956e-08
4.088269207045547e-08
4.093326112032417e-08
4.099806544733613e-08
4.107722775607382e-08
4.117088390838439e-08
4.127918327888145e-08
4.140228912805855e-08
4.154037899415724e-08
4.169364510469029e-08
4.186229480876636e-08
4.204655103139934e-08
4.224665275105921e-08
4.246285550148851e-08
4.269543189907254e-08
4.294467219747598e-08
4.321088487010155e-08
4.349439722262221e-08
4.379555603662888e-08
4.41147282457582e-08
4.445230164628683e-08
4.480868564375551e-08
4.51843120369416e-08
4.557963584151217e-08
4.599513615497333e-08
4.64313170647825e-08
4.688870860192649e-08
4.736786774173843e-08
4.786937945450224e-08
4.839385780794546e-08
4.894194712418037e-08
4.951432319335314e-08
5.011169454706247e-08
5.073480379389521e-08
5.138442901985826e-08
5.206138525737314e-08
5.276652602510639e-08
5.350074494249431e-08
5.426497742176393e-08
5.506020244163975e-08
5.588744440596058e-08
5.674777509100791e-08
5.764231568584297e-08
5.857223892929832e-08
5.953877134861711e-08
6.054319560341778e-08
6.158685294013827e-08
6.267114576174891e-08
6.379754031744469e-08
6.496756951780199e-08
6.618283588062716e-08
6.744501461282981e-08
6.875585683495054e-08
7.011719295268157e-08
7.153093618339334e-08
7.299908624251821e-08
7.452373319703026e-08
7.610706149257526e-08
7.775135416115075e-08
7.945899721663807e-08
8.123248424469947e-08
8.307442119570921e-08
8.498753138719397e-08
8.697466072441149e-08
8.903878314614329e-08
9.11830063047658e-08
9.341057748784969e-08
9.572488979010566e-08
9.812948854404606e-08
1.006280780175989e-07
1.032245283868734e-07
1.05922882993401e-07
1.087273658936155e-07
1.116423897086746e-07
1.146725637845695e-07
1.178227026675104e-07
1.210978349067447e-07
1.245032121889172e-07
1.28044318812685e-07
1.31726881511831e-07
1.355568796309998e-07
1.395405556628286e-07
1.43684426149512e-07
1.479952929562556e-07
1.524802549175117e-07
1.571467198631531e-07
1.620024170220412e-07
1.670554098093887e-07
1.723141089925701e-07
1.777872862388065e-07
1.834840880369609e-07
1.894140499940244e-07
1.955871114941731e-07
2.020136307170013e-07
2.087044000021018e-07
2.156706615456571e-07
2.229241234172453e-07
2.304769758753899e-07
2.383419079625032e-07
2.465321243541446e-07
2.550613624349537e-07
2.639439095707283e-07
2.731946205405584e-07
2.828289350896133e-07
2.928628955594376e-07
3.033131645475567e-07
3.14197042542709e-07
3.255324854763872e-07
3.373381221306089e-07
3.496332713275121e-07
3.62437958829193e-07
3.757729338661177e-07
3.896596852018528e-07
4.04120456649522e-07
4.191782619271417e-07
4.34856898751433e-07
4.511809620534373e-07
4.681758561938537e-07
4.858678060428737e-07
5.042838667979555e-07
5.234519323846784e-07
5.434007422925029e-07
5.641598866887266e-07
5.857598096365191e-07
6.082318102539718e-07
6.316080416192305e-07
6.559215072488184e-07
6.812060549445864e-07
7.074963678169412e-07
7.348279522720795e-07
7.632371227655519e-07
7.927609830980854e-07
8.234374040401485e-07
8.553049970726917e-07
8.884030840167648e-07
9.227716623358298e-07
9.584513658939521e-07
9.954834209489582e-07
1.033909597174678e-06
1.073772153496886e-06
1.115113778554491e-06
1.157977525584973e-06
1.202406741559667e-06
1.248444990402579e-06
1.296135970133564e-06
1.345523423806344e-06
1.396651044128452e-06
1.449562371653335e-06
1.504300686488893e-06
1.560908893468075e-06
1.619429400765167e-06
1.679903991977265e-06
1.7423736917083e-06
1.80687862474406e-06
1.873457868938814e-06
1.942149301962462e-06
2.01298944212967e-06
2.08601328353431e-06
2.161254125794135e-06
2.238743398730836e-06
2.318510482398426e-06
2.400582522850925e-06
2.484984244184073e-06
2.571737757346378e-06
2.660862366341728e-06
2.752374372435964e-06
2.846286877068068e-06
2.942609584202274e-06
3.04134860291085e-06
3.142506251021518e-06
3.246080860686248e-06
3.35206658680923e-06
3.460453219300762e-06
3.57122600009955e-06
3.684365446030972e-06
3.799847178523148e-06
3.917641761251367e-06
4.037714546784134e-06
4.160025533323955e-06
4.284529232637964e-06
4.4111745502537e-06
4.539904679011494e-06
4.670657007002622e-06
4.803363040960869e-06
4.937948346047848e-06
5.074332503071815e-06
5.212429083949427e-06
5.352145646299865e-06
5.493383747986397e-06
5.636038982257133e-06
5.78000103411217e-06
5.925153758512339e-06
6.071375280751384e-06
6.218538119469142e-06
6.366509332438794e-06
6.515150685283867e-06
6.664318843167331e-06
6.813865585304384e-06
6.963638042062887e-06
7.113478954299584e-06
7.263226954443268e-06
7.412716868737839e-06
7.561780039807981e-06
7.710244668799182e-06
7.857936175996562e-06
8.004677578896469e-06
8.1502898863926e-06
8.294592507865915e-06
8.437403675612218e-06
8.578540879172381e-06
8.717821309841686e-06
8.855062313677456e-06
8.990081851285075e-06
9.12269896243588e-06
9.25273423367369e-06
9.380010267010532e-06
9.504352147635006e-06
9.62558790884567e-06
9.743548991992821e-06
9.858070699682939e-06
9.968992640118226e-06
1.007615916080609e-05
1.017941976958511e-05
1.027862954136464e-05
1.037364950866964e-05
1.04643470343477e-05
1.055059616498201e-05
1.063227796328887e-05
1.070928081846494e-05
1.078150073282394e-05
1.084884158398212e-05
1.09112153613065e-05
1.096854237582914e-05
1.102075144303238e-05
1.106778003762026e-05
1.110957442020537e-05
1.114608973518614e-05
1.11772900800545e-05
1.120314854581986e-05
1.122364722883738e-05
1.123877721423144e-05
1.124853853135359e-05
1.125294008179835e-05
1.125199954060978e-05
1.124574323143498e-05
1.123420597665203e-05
1.121743092323197e-05
1.11954693456176e-05
1.116838042669678e-05
1.113623101819555e-05
1.109909538168588e-05
1.105705491178271e-05
1.101019784282118e-05
1.09586189404754e-05
1.090241918002621e-05
1.084170541255948e-05
1.077659002083665e-05
1.070719056626519e-05
1.063362942859842e-05
1.055603343983287e-05
1.047453351391922e-05
1.03892642736367e-05
1.030036367617142e-05
1.020797263882848e-05
1.011223466614774e-05
1.001329547980633e-05
9.91130265256276e-06
9.806405247315372e-06
9.698753462594661e-06
9.588498285328779e-06
9.475791152041018e-06
9.360783619200209e-06
9.243627043773197e-06
9.124472274497488e-06
9.003469354744616e-06
8.88076723741819e-06
8.756513512541563e-06
8.630854147877353e-06
8.50393324297099e-06
8.375892796976826e-06
8.24687249040802e-06
8.117009481040998e-06
7.98643821399578e-06
7.85529024613174e-06
7.723694084593235e-06
7.591775039538441e-06
7.459655090832948e-06
7.327452768594292e-06
7.195283047289035e-06
7.063257253123843e-06
6.931482984461771e-06
6.800064044864617e-06
6.669100388373361e-06
6.538688076704613e-06
6.408919247812377e-06
6.279882095454228e-06
6.151660859249463e-06
6.024335824764044e-06
5.897983333118322e-06
5.772675799603757e-06
5.648481740809409e-06
5.525465809763891e-06
5.403688838551272e-06
5.283207887870825e-06
5.164076303136243e-06
5.046343776444516e-06
4.930056414089671e-06
4.815256809034813e-06
4.701984117888764e-06
4.590274141925065e-06
4.480159411755687e-06
4.371669275091142e-06
4.264829987318084e-06
4.159664804380311e-06
4.056194077640092e-06
3.954435350312533e-06
3.854403455146662e-06
3.756110613008356e-06
3.659566532024095e-06
3.564778507055188e-06
3.471751519123145e-06
3.380488334621768e-06
3.290989603972221e-06
3.20325395959415e-06
3.117278112886794e-06
3.033056950084881e-06
2.950583626793521e-06
2.869849661019464e-06
2.79084502457899e-06
2.713558232731833e-06
2.637976431912897e-06
2.56408548549008e-06
2.491870057403704e-06
2.421313693658735e-06
2.352398901552208e-06
2.285107226621224e-06
2.219419327237914e-06
2.155315046805099e-06
2.092773483570199e-06
2.031773057973525e-06
1.972291577581758e-06
1.914306299551939e-06
1.85779399067679e-06
1.802730984978437e-06
1.749093238896287e-06
1.696856384078218e-06
1.645995777810956e-06
1.596486551110056e-06
1.548303654515931e-06
1.501421901628949e-06
1.455816010429748e-06
1.411460642434858e-06
1.36833043972998e-06
1.326400059922897e-06
1.285644209106943e-06
1.246037672832902e-06
1.207555345199392e-06
1.17017225607923e-06
1.133863596567841e-06
1.098604742687357e-06
1.064371277428189e-06
1.031139011176609e-06
9.988840005762357e-07
9.675825659096562e-07
9.372113070285094e-07
9.077471179164723e-07
8.791671999211015e-07
8.514490737234216e-07
8.245705901034568e-07
7.985099395451279e-07
7.732456607395024e-07
7.487566480509648e-07
7.250221579751591e-07
7.02021814657963e-07
6.797356145185657e-07
6.581439300237085e-07
6.37227512656804e-07
6.169674951360288e-07
5.973453929165123e-07
5.783431050201354e-07
5.59942914246211e-07
5.421274867770512e-07
5.248798712465009e-07
5.08183497287283e-07
4.920221735987408e-07
4.763800855740906e-07
4.612417925108883e-07
4.465922244443876e-07
4.324166786274432e-07
4.1870081569018e-07
4.054306555049807e-07
3.925925727802652e-07
3.801732924171911e-07
3.681598846393285e-07
3.565397599308961e-07
3.453006637964849e-07
3.344306713668273e-07
3.239181818698506e-07
3.137519129798084e-07
3.039208950725936e-07
2.944144653902292e-07
2.852222621418173e-07
2.763342185470921e-07
2.677405568404368e-07
2.594317822455046e-07
2.513986769353242e-07
2.436322939862041e-07
2.361239513353113e-07
2.2886522575656e-07
2.21847946856006e-07
2.150641911027878e-07
2.085062758974582e-07
2.021667536861185e-07
1.96038406131535e-07
1.90114238338561e-07
1.843874731468637e-07
1.788515454920266e-07
1.735000968398365e-07
1.683269696997054e-07
1.633262022174276e-07
1.584920228543751e-07
1.538188451517707e-07
1.493012625864962e-07
1.449340435178618e-07
1.407121262274197e-07
1.366306140545193e-07
1.326847706283319e-07
1.288700151956702e-07
1.251819180486616e-07
1.216161960491528e-07
1.181687082529695e-07
1.148354516320785e-07
1.116125568959747e-07
1.084962844111895e-07
1.05483020218808e-07
1.025692721495347e-07
9.975166603495198e-08
9.702694201548796e-08
9.439195094239272e-08
9.184365087449307e-08
8.937910366694096e-08
8.699547165209985e-08
8.469001441057971e-08
8.246008563103043e-08
8.030313005772812e-08
7.821668052453956e-08
7.619835507251463e-08
7.424585415199235e-08
7.235695790488301e-08
7.052952352771026e-08
6.876148271279187e-08
6.705083916573832e-08
6.539566619869361e-08
6.379410439637066e-08
6.224435935402791e-08
6.074469948558926e-08
5.929345390010903e-08
5.788901034527194e-08
5.652981321557083e-08
5.521436162468236e-08
5.394120753887792e-08
5.270895397165247e-08
5.151625323667549e-08
5.03618052576101e-08
4.924435593410164e-08
4.816269556170051e-08
4.711565730425897e-08
4.610211571750649e-08
4.512098532258686e-08
4.41712192274995e-08
4.325180779572439e-08
4.23617773600539e-08
4.150018898108974e-08
4.06661372479817e-08
3.985874912147222e-08
3.907718281655226e-08
3.832062672487169e-08
3.758829837457052e-08
3.687944342731288e-08
3.619333471051393e-08
3.55292712846008e-08
3.488657754317043e-08
3.426460234593993e-08
3.366271818300486e-08
3.308032036933054e-08
3.251682626891191e-08
3.197167454725952e-08
3.144432445159345e-08
3.093425511763507e-08
3.044096490245146e-08
2.99639707420922e-08
2.950280753374476e-08
2.905702754115512e-08
2.862619982289025e-08
2.820990968252455e-08
2.780775814016071e-08
2.741936142464818e-08
2.704435048568108e-08
2.668237052524682e-08
2.633308054799605e-08
2.599615292951214e-08
2.567127300229222e-08
2.535813865898776e-08
2.5056459971939e-08
2.476595882872354e-08
2.448636858354612e-08
2.421743372352122e-08
2.395890954966542e-08
2.371056187225586e-08
2.347216671980588e-08
2.324351006185082e-08
2.302438754442449e-08
2.281460423866891e-08
2.261397440162381e-08
2.24223212492249e-08
2.22394767411311e-08
2.206528137702588e-08
2.189958400421528e-08
2.174224163628108e-08
2.159311928248761e-08
2.145208978771666e-08
2.131903368287952e-08
2.119383904543796e-08
2.107640136997086e-08
2.096662344858467e-08
2.086441526095784e-08
2.076969387420254e-08
2.068238335192551e-08
2.06024146728411e-08
2.052972565863898e-08
2.046426091102707e-08
2.040597175807587e-08
2.035481620952288e-08
2.031075892128411e-08
2.027377116909546e-08
2.024383083119015e-08
2.022092238009691e-08
2.020503688366067e-08
2.019617201523076e-08
2.01943320731054e-08
2.019952800937007e-08
2.021177746816154e-08
2.023110483354636e-08
2.025754128706005e-08
2.029112487506263e-08
2.03319005862647e-08
2.037992043920832e-08
2.043524358038178e-08
2.04979363927276e-08
2.056807261529087e-08
2.064573347367792e-08
2.073100782214867e-08
2.082399229728607e-08
2.092479148368881e-08
2.103351809210404e-08
2.115029315014834e-08
2.127524620635502e-08
2.140851554757206e-08
2.155024843031191e-08
2.170060132684803e-08
2.185974018578271e-08
2.202784070848383e-08
2.22050886412699e-08
2.239168008431815e-08
2.258782181767756e-08
2.279373164514481e-08
2.300963875681691e-08
2.32357841104901e-08
2.347242083351217e-08
2.371981464499749e-08
2.397824429984532e-08
2.424800205523634e-08
2.452939416018142e-08
2.482274136975536e-08
2.512837948436008e-08
2.544665991547822e-08
2.57779502786735e-08
2.612263501520205e-08
2.648111604355716e-08
2.685381344164442e-08
2.724116616135614e-08
2.764363277695784e-08
2.806169226821923e-08
2.849584484017468e-08
2.894661278086426e-08
2.941454135866891e-08
2.990019976100984e-08
3.040418207591571e-08
3.09271083185771e-08
3.14696255042076e-08
3.203240877000888e-08
3.261616254728152e-08
3.322162178666233e-08
3.3849553237844e-08
3.450075678683905e-08
3.517606685241813e-08
3.587635384469315e-08
3.660252568775774e-08
3.735552940996383e-08
3.813635280295459e-08
3.894602615410213e-08
3.978562405354154e-08
4.065626727991313e-08
4.155912476699614e-08
4.249541565518089e-08
4.346641143031131e-08
4.447343815343407e-08
4.551787878519895e-08
4.660117560763859e-08
4.77248327477886e-08
4.88904188060805e-08
5.009956959348661e-08
5.13539909814403e-08
5.265546186806924e-08
5.40058372647575e-08
5.540705150729662e-08
5.686112159534096e-08
5.837015066429976e-08
5.993633159459023e-08
6.156195076043222e-08
6.324939192491658e-08
6.500114028405929e-08
6.681978666333204e-08
6.870803187299147e-08
7.066869122408397e-08
7.270469921072375e-08
7.481911436160216e-08
7.70151242650175e-08
7.929605077175208e-08
8.166535537771112e-08
8.412664479167992e-08
8.668367669014644e-08
8.934036566194843e-08
9.210078934706705e-08
9.496919476954882e-08
9.79500048683839e-08
1.010478252273573e-07
1.042674510042484e-07
1.076138740615513e-07
1.110922902969391e-07
1.147081071750562e-07
1.184669514569167e-07
1.223746771272882e-07
1.264373735160669e-07
1.306613736100486e-07
1.35053262551206e-07
1.396198863146946e-07
1.443683605611476e-07
1.493060796558343e-07
1.544407258415246e-07
1.597802785613153e-07
1.653330239131182e-07
1.711075642249051e-07
1.771128277372113e-07
1.833580783716132e-07
1.898529255701125e-07
1.966073341830573e-07
2.036316343828998e-07
2.109365315781543e-07
2.185331162996991e-07
2.264328740331642e-07
2.346476949580311e-07
2.431898835663759e-07
2.520721681174651e-07
2.613077098886151e-07
2.709101121828576e-07
2.808934290402484e-07
2.912721736083829e-07
3.020613261149749e-07
3.13276341389198e-07
3.249331558723561e-07
3.370481940481906e-07
3.496383742368011e-07
3.627211136712912e-07
3.763143327932119e-07
3.904364586790666e-07
4.051064275295149e-07
4.203436861252817e-07
4.361681921686873e-07
4.526004134204482e-07
4.696613255358969e-07
4.873724085023783e-07
5.057556415817084e-07
5.248334966491626e-07
5.446289298372612e-07
5.651653713559038e-07
5.864667134030982e-07
6.085572960404372e-07
6.314618909332568e-07
6.552056828265181e-07
6.798142486737781e-07
7.05313534271048e-07
7.317298283217877e-07
7.590897337966949e-07
7.874201364933776e-07
8.167481706990531e-07
8.471011818358313e-07
8.785066860208314e-07
9.109923264273611e-07
9.445858263765086e-07
9.793149390813033e-07
1.015207393972917e-06
1.05229083955134e-06
1.090592782706445e-06
1.130140524486426e-06
1.170961092269909e-06
1.213081168335939e-06
1.256527014844495e-06
1.301324395229554e-06
1.347498492040052e-06
1.395073821297482e-06
1.44407414341557e-06
1.494522370792737e-06
1.546440472159062e-06
1.599849373858177e-06
1.654768858146862e-06
1.71121745875872e-06
1.769212353880516e-06
1.828769256793862e-06
1.889902304401237e-06
1.952623943952612e-06
2.016944818219559e-06
2.082873649472001e-06
2.150417122601356e-06
2.219579767745816e-06
2.290363842823285e-06
2.362769216411024e-06
2.436793251374513e-06
2.512430689733022e-06
2.589673539253305e-06
2.668510962271281e-06
2.748929167234916e-06
2.830911303551493e-06
2.914437360265213e-06
2.999484069120664e-06
3.086024812606115e-06
3.174029537547247e-06
3.263464674820681e-06
3.354293065786604e-06
3.446473896040311e-06
3.539962637008347e-06
3.634710996004197e-06
3.730666875284188e-06
3.827774340648371e-06
3.925973600079853e-06
4.025200992987942e-06
4.125388990429731e-06
4.226466206849968e-06
4.328357423686608e-06
4.430983625226301e-06
4.534262047022766e-06
4.638106237226882e-06
4.742426130975146e-06
4.847128138072466e-06
4.952115244116665e-06
5.057287125075469e-06
5.162540275437563e-06
5.267768149764386e-06
5.372861317652748e-06
5.477707631865668e-06
5.5821924094234e-06
5.686198625360305e-06
5.789607118760179e-06
5.892296810644635e-06
5.994144933241877e-06
6.095027270000296e-06
6.194818405850536e-06
6.293391986861849e-06
6.390620988708452e-06
6.486377993005584e-06
6.580535470787568e-06
6.672966072113641e-06
6.763542920897123e-06
6.852139913990745e-06
6.938632023448191e-06
7.022895600906295e-06
7.104808683062359e-06
7.184251296993794e-06
7.261105764384642e-06
7.33525700335387e-06
7.406592826785806e-06
7.475004236102879e-06
7.540385709215578e-06
7.602635481643187e-06
7.661655819576657e-06
7.717353283993216e-06
7.769638984530255e-06
7.818428822363459e-06
7.863643720889627e-06
7.90520984349406e-06
7.94305879737937e-06
7.977127822730905e-06
8.007359966465574e-06
8.033704239797023e-06
8.056115759164311e-06
8.074555869757968e-06
8.088992251431246e-06
8.099399006324737e-06
8.105756728140602e-06
8.108052552701554e-06
8.106280189651294e-06
8.100439935194296e-06
8.090538666052251e-06
8.076589814458286e-06
8.058613324607208e-06
8.03663559062156e-06
8.01068937652084e-06
7.980813718411313e-06
7.947053809504568e-06
7.909460868444991e-06
7.868091991564068e-06
7.823009989632303e-06
7.774283209961256e-06
7.721985344558543e-06
7.666195225080309e-06
7.606996605581093e-06
7.544477933791987e-06
7.478732112075243e-06
7.409856248727856e-06
7.337951400857319e-06
7.263122309725733e-06
7.185477129574128e-06
7.10512715091716e-06
7.022186519445692e-06
6.936771951390595e-06
6.849002446499682e-06
6.758998999571748e-06
6.666884311501628e-06
6.572782500866271e-06
6.476818816972782e-06
6.379119355275649e-06
6.279810776008671e-06
6.17902002695896e-06
6.076874071192377e-06
5.973499620381883e-06
5.869022874623849e-06
5.76356926938967e-06
5.657263230177009e-06
5.550227935512269e-06
5.442585088952368e-06
5.33445470031003e-06
5.225954876898467e-06
5.117201624929979e-06
5.008308661492477e-06
4.89938723747483e-06
4.790545971589587e-06
4.681890695731234e-06
4.573524311851446e-06
4.465546660380902e-06
4.358054400343887e-06
4.251140901090768e-06
4.144896145699923e-06
4.03940664591336e-06
3.934755368524705e-06
3.831021673083304e-06
3.728281260688816e-06
3.626606133711413e-06
3.526064566141561e-06
3.426721084325106e-06
3.328636457767627e-06
3.23186769968042e-06
3.136468076897311e-06
3.042487128844099e-06
2.949970695128394e-06
2.858960951355598e-06
2.769496452748908e-06
2.681612185181635e-06
2.595339623158774e-06
2.510706794280202e-06
2.427738349815598e-06
2.346455640855796e-06
2.266876799653922e-06
2.189016825685399e-06
2.112887675973498e-06
2.038498359250977e-06
1.965855033527496e-06
1.894961106612781e-06
1.825817339220694e-06
1.758421950173236e-06
1.692770723391752e-06
1.628857116212796e-06
1.56667236872264e-06
1.506205613685966e-06
1.447443986778406e-06
1.390372736749618e-06
1.334975335248144e-06
1.281233585963429e-06
1.229127732828644e-06
1.178636567019954e-06
1.129737532494735e-06
1.082406829830068e-06
1.036619518174524e-06
9.923496150803225e-07
9.4957019405775e-07
9.082534796823223e-07
8.683709400991237e-07
8.298933768028615e-07
7.927910115626712e-07
7.570335704099451e-07
7.225903645833103e-07
6.894303683680817e-07
6.575222937736976e-07
6.268346620004169e-07
5.973358716610298e-07
5.689942637470613e-07
5.417781833209018e-07
5.156560379446256e-07
4.905963528524783e-07
4.665678228978159e-07
4.435393612971299e-07
4.214801452239458e-07
4.003596582920476e-07
3.801477299825923e-07
3.608145720917711e-07
3.423308122486602e-07
3.246675245937155e-07
3.077962576874695e-07
2.91689059732594e-07
2.763185012075422e-07
2.616576949822769e-07
2.4768031403019e-07
2.34360606813437e-07
2.216734104514348e-07
2.095941617616112e-07
1.98098906275607e-07
1.871643053287084e-07
1.767676413210794e-07
1.668868212504089e-07
1.575003786140846e-07
1.485874737750832e-07
1.401278928933963e-07
1.321020455087832e-07
1.24490960875885e-07
1.172762831344491e-07
1.104402654084063e-07
1.039657629163216e-07
9.783622517746992e-08
9.203568739470545e-08
8.6548761090036e-08
8.136062407007939e-08
7.645700979173353e-08
7.182419619753136e-08
6.74489940865349e-08
6.331873508374593e-08
5.942125926766889e-08
5.574490251236806e-08
5.227848359829467e-08
4.901129114152465e-08
4.593307039013158e-08
4.30340099307286e-08
4.030472834833666e-08
3.773626087726554e-08
3.532004608004904e-08
3.304791258632801e-08
3.091206592410532e-08
2.890507547004183e-08
2.701986154567653e-08
2.524968268159541e-08
2.35881230722829e-08
2.202908023892954e-08
2.056675291820442e-08
1.919562919137616e-08
1.791047486675343e-08
1.67063221268637e-08
1.557845844970223e-08
1.452241581231333e-08
1.353396018291355e-08
1.260908130674851e-08
1.174398278953043e-08
1.093507248105854e-08
1.017895316032288e-08
9.472413522830678e-09
8.812419469378862e-09
8.196105694977414e-09
7.620767575797056e-09
7.083853351175494e-09
6.582956597104881e-09
6.115808987086089e-09
5.680273335659537e-09
5.274336919507088e-09
4.896105070475114e-09
4.543795034756643e-09
4.215730091877877e-09
3.910333927156187e-09
3.626125250865181e-09
3.361712657250533e-09
3.11578971650137e-09
2.887130292479434e-09
2.674584079133919e-09
2.477072348411498e-09
2.293583902416072e-09
2.123171222726231e-09
1.964946809654931e-09
1.818079704449145e-09
1.681792187367749e-09
1.555356644812197e-09
1.438092598643395e-09
1.329363891098161e-09
1.22857601872775e-09
1.135173608979765e-09
1.048638033219228e-09
9.68485150084841e-10
8.942631733097773e-10
8.255506582306267e-10
7.619546014692301e-10
7.031086483727922e-10
6.486714030136202e-10
5.983248357272351e-10
5.517727833284485e-10
5.087395373489983e-10
4.689685157873698e-10
4.322210140672427e-10
3.982750310445073e-10
3.669241661012544e-10
3.379765835032916e-10
3.112540403896972e-10
2.865909749014598e-10
2.63833651122886e-10
2.428393576585129e-10
2.234756568186152e-10
2.056196815235114e-10
1.891574771847504e-10
1.739833859482673e-10
1.599994708170511e-10
1.471149772969581e-10
1.352458303273743e-10
1.243141643780403e-10
1.142478846994584e-10
1.049802578285537e-10
9.644952954397741e-11
8.859856857428033e-11
8.137453444790048e-11
7.472856796538891e-11
6.861550286436888e-11
6.299359732230016e-11
5.782428402492979e-11
5.307193759995483e-11
4.870365828724639e-11
4.468907078180487e-11
4.100013725110871e-11
3.761098358718586e-11
3.449773801187924e-11
3.163838120676892e-11
2.901260719101475e-11
2.660169421898663e-11
2.438838501371859e-11
2.235677569776548e-11
2.049221282103858e-11
1.878119792619258e-11
1.72112991260495e-11
1.577106920340704e-11
1.444996977428452e-11
1.323830108699546e-11
1.212713705663646e-11
1.110826516262938e-11
1.017413086015884e-11
9.317786181984715e-12
8.532842227010692e-12
7.813425254409062e-12
7.154136120210408e-12
6.550012812149562e-12
5.996495855033952e-12
5.489396375178446e-12
5.024866626904575e-12
4.599372798279088e-12
4.209669925986615e-12
3.852778761534476e-12
3.535031898469756e-12
3.250082444767273e-12
2.987975761703452e-12
2.746898086781874e-12
2.525177669748955e-12
2.321273864416875e-12
2.133767037425981e-12
1.961349234652264e-12
1.802815550306302e-12
1.657056147407164e-12
1.523048882004931e-12
1.399852486854214e-12
1.286600273343015e-12
1.182494313403468e-12
1.086800065842614e-12
9.988414141283949e-13
9.179960848917883e-13
8.436914187852408e-13
7.754004672458795e-13
7.126383906912129e-13
6.549591354440746e-13
6.019523683323626e-13
5.532406494455886e-13
5.084768249791375e-13
4.673416234004822e-13
4.295414394421228e-13
3.948062915443427e-13
3.628879394583696e-13
3.33558149703838e-13
3.066070974987131e-13
2.818418946202083e-13
2.590852334720847e-13
2.381741383402821e-13
2.189588155182636e-13
2.013015946086486e-13
1.850759538918682e-13
1.701656231932727e-13
1.564637581856691e-13
1.438721805237504e-13
1.323006786429373e-13
1.216663644459687e-13
1.118930814733764e-13
1.029108604935462e-13
9.465541876278055e-14
8.706769949565595e-14
8.009344835614479e-14
7.368282402964764e-14
6.77900401629976e-14
6.237303617410144e-14
5.739317462807685e-14
5.281496305709949e-14
4.860579826892307e-14
4.473573134309016e-14
4.117725165566715e-14
3.790508840465171e-14
3.489602823024376e-14
3.21287476338012e-14
2.95836590043063e-14
2.724276915470433e-14
2.508954935871373e-14
2.31088159585522e-14
2.128662068926462e-14
1.961014993283748e-14
1.806763217897862e-14
1.664825302711188e-14
1.53420771178379e-14
1.413997643119154e-14
1.303356443433662e-14
1.201513560319649e-14
1.107760988071561e-14
1.021448166996771e-14
9.41977299260644e-15
8.687990473273629e-15
8.014085838020115e-15
7.393419639954399e-15
6.821727948841613e-15
6.295091762585459e-15
5.80990891828015e-15
5.362868298636928e-15
4.950926146082817e-15
4.57128431233034e-15
4.221370285005863e-15
3.898818846089874e-15
3.601455228601595e-15
3.327279648928801e-15
3.074453102241853e-15
2.841284317599991e-15
2.626217777833543e-15
2.427822716993933e-15
2.244783015415453e-15
2.075887918851794e-15
1.920023514251617e-15
1.776164900229122e-15
1.643368995383359e-15
1.520767932249276e-15
1.407562988961929e-15
1.303019014655527e-15
1.206459308174889e-15
1.117260913078927e-15
1.034850294842417e-15
9.58699369053336e-16
8.883218519075336e-16
8.232699066683175e-16
7.631310619368037e-16
7.075253795257407e-16
6.561028515730001e-16
6.085410082054746e-16
5.64542718571813e-16
5.238341694939611e-16
4.861630072667769e-16
4.512966293187532e-16
4.190206135412036e-16
3.891372740929593e-16
3.614643333928486e-16
3.358337008654226e-16
3.120903497720582e-16
2.900912841680039e-16
2.697045886797394e-16
2.508085543892661e-16
2.332908746640393e-16
2.170479052740986e-16
2.01983983595212e-16
1.880108021281553e-16
1.750468319440203e-16
1.630167920355068e-16
1.518511608657297e-16
1.414857267229405e-16
1.318611737553945e-16
1.229227008176187e-16
1.146196704951151e-16
1.069052858826027e-16
9.97362928932309e-17
9.307270605198754e-17
8.687755589560272e-17
8.111665625043731e-17
7.575838980133903e-17
7.07735104926868e-17
6.613496141987362e-17
6.181770697705866e-17
5.7798578129755e-17
5.405612976716663e-17
5.057050917751447e-17
4.73233347637098e-17
4.429758418931471e-17
4.147749120916752e-17
3.884845049757294e-17
3.639692984541685e-17
3.411038914294487e-17
3.197720561653419e-17
2.998660482646995e-17
