2.000000000000000042e-02 4.415408100000000786e+02 1.167470100000000066e+01
2.009023600000000090e-02 4.187421600000000126e+02 9.443401500000000226e+00
2.018087799999999932e-02 4.118805300000000784e+02 9.058579999999999188e+00
2.027193000000000050e-02 4.031676199999998289e+02 7.698050000000000281e+00
2.036339300000000047e-02 4.061792199999999866e+02 7.268684300000000320e+00
2.045526799999999867e-02 4.200235599999999181e+02 6.484947799999999596e+00
2.054755700000000102e-02 4.148494900000000598e+02 5.951594100000000331e+00
2.064026300000000244e-02 4.051107399999999075e+02 5.288882300000000036e+00
2.073338799999999843e-02 3.877490900000000238e+02 4.948115200000000158e+00
2.082693199999999939e-02 3.792909899999999652e+02 4.435615699999999606e+00
2.092089899999999975e-02 3.784883799999998359e+02 4.087256199999999673e+00
2.101528899999999950e-02 3.795442300000000273e+02 3.905355199999999805e+00
2.111010600000000348e-02 3.790129399999999009e+02 3.745251600000000014e+00
2.120535000000000128e-02 3.800389999999999873e+02 3.677647499999999958e+00
2.130102400000000173e-02 3.788296800000000530e+02 3.540909800000000107e+00
2.139712900000000084e-02 3.774528800000001638e+02 3.433434899999999956e+00
2.149366800000000050e-02 3.728213399999999638e+02 3.188917700000000188e+00
2.159064299999999964e-02 3.689282099999999787e+02 3.086498900000000045e+00
2.168805499999999775e-02 3.673356400000001827e+02 3.032087699999999941e+00
2.178590700000000019e-02 3.626087300000000937e+02 2.878169699999999942e+00
2.188419999999999949e-02 3.608587800000000811e+02 2.837221700000000180e+00
2.198293699999999753e-02 3.656861000000001809e+02 2.741982600000000048e+00
2.208211900000000075e-02 3.669413000000001261e+02 2.727283900000000205e+00
2.218174900000000060e-02 3.618652699999998958e+02 2.511139800000000033e+00
2.228182799999999658e-02 3.549988099999998781e+02 2.445771800000000162e+00
2.238235900000000098e-02 3.531379499999999325e+02 2.436679600000000168e+00
2.248334299999999938e-02 3.487429799999999318e+02 2.392709200000000092e+00
2.258478300000000064e-02 3.453040999999999485e+02 2.363779699999999817e+00
2.268668000000000073e-02 3.442791200000000913e+02 2.305078200000000077e+00
2.278903799999999757e-02 3.445590600000000450e+02 2.237702500000000150e+00
2.289185699999999810e-02 3.421186599999999203e+02 2.217764900000000150e+00
2.299513999999999725e-02 3.405282399999999825e+02 2.178121400000000207e+00
2.309888899999999745e-02 3.375942800000000261e+02 2.129014699999999927e+00
2.320310600000000112e-02 3.365843599999999469e+02 2.115367700000000184e+00
2.330779300000000026e-02 3.366395000000000550e+02 2.107637500000000053e+00
2.341295300000000024e-02 3.351740800000000036e+02 2.090962600000000116e+00
2.351858700000000052e-02 3.346363399999999046e+02 2.052725800000000156e+00
2.362469799999999953e-02 3.318894499999999539e+02 2.013577300000000125e+00
2.373128700000000368e-02 3.248090300000000639e+02 1.898506699999999991e+00
2.383835799999999699e-02 3.166007000000000176e+02 1.854961499999999930e+00
2.394591100000000028e-02 3.112065900000000624e+02 1.858772000000000091e+00
2.405394999999999756e-02 3.081308200000000284e+02 1.824378700000000020e+00
2.416247600000000217e-02 3.053571700000000533e+02 1.799519700000000055e+00
2.427149199999999868e-02 3.045629599999999186e+02 1.752984099999999934e+00
2.438099900000000042e-02 3.032863599999998883e+02 1.757622999999999935e+00
2.449100100000000182e-02 3.027041899999999828e+02 1.763590299999999944e+00
2.460149899999999890e-02 3.028197599999999170e+02 1.754747199999999951e+00
2.471249599999999699e-02 3.014379700000000639e+02 1.742537699999999967e+00
2.482399299999999906e-02 2.965173699999999712e+02 1.708988399999999963e+00
2.493599300000000005e-02 2.939915799999999422e+02 1.695961199999999947e+00
2.504849899999999838e-02 2.939762400000000184e+02 1.685553599999999985e+00
2.516151200000000046e-02 2.897818800000000579e+02 1.640307900000000041e+00
2.527503600000000072e-02 2.819731900000000451e+02 1.575352499999999933e+00
2.538907099999999917e-02 2.754461699999999382e+02 1.559832700000000072e+00
2.550362100000000062e-02 2.733190900000001307e+02 1.553259600000000074e+00
2.561868800000000057e-02 2.707034199999998805e+02 1.519050299999999964e+00
2.573427300000000195e-02 2.681893399999999588e+02 1.534881399999999951e+00
2.585038099999999867e-02 2.693030699999999342e+02 1.471483700000000061e+00
2.596701199999999765e-02 2.658844099999999457e+02 1.466998100000000083e+00
2.608417000000000027e-02 2.641244599999999991e+02 1.451042399999999954e+00
2.620185599999999906e-02 2.597201200000000654e+02 1.429775999999999936e+00
2.632007299999999939e-02 2.585649800000000482e+02 1.396038099999999949e+00
2.643882300000000019e-02 2.580606500000000096e+02 1.373571799999999898e+00
2.655810899999999988e-02 2.544377200000000983e+02 1.354858499999999966e+00
2.667793300000000090e-02 2.525999899999999059e+02 1.340510499999999938e+00
2.679829800000000165e-02 2.488705599999999265e+02 1.287171199999999960e+00
2.691920600000000108e-02 2.435529200000000287e+02 1.277743899999999933e+00
2.704066000000000108e-02 2.397322500000001071e+02 1.256347099999999939e+00
2.716266199999999714e-02 2.380700200000000279e+02 1.242131799999999897e+00
2.728521299999999913e-02 2.373361200000000224e+02 1.213498100000000024e+00
2.740831799999999749e-02 2.364660600000000841e+02 1.189744099999999971e+00
2.753197900000000156e-02 2.328147200000000794e+02 1.181060500000000069e+00
2.765619700000000042e-02 2.309770899999998903e+02 1.154015800000000036e+00
2.778097599999999889e-02 2.281482999999999493e+02 1.140660400000000019e+00
2.790631699999999993e-02 2.268274800000000937e+02 1.136832800000000088e+00
2.803222399999999795e-02 2.251326100000000281e+02 1.123372199999999932e+00
2.815869999999999831e-02 2.226481899999999712e+02 1.120057599999999987e+00
2.828574600000000050e-02 2.193084900000000914e+02 1.098209400000000002e+00
2.841336499999999946e-02 2.145915800000000786e+02 1.079820500000000072e+00
2.854155900000000107e-02 2.102556400000000565e+02 1.066950800000000088e+00
2.867033299999999924e-02 2.076941399999999760e+02 1.054353000000000096e+00
2.879968699999999743e-02 2.052488100000000202e+02 1.044854900000000031e+00
2.892962500000000048e-02 2.031366199999999367e+02 1.021249499999999921e+00
2.906014900000000040e-02 1.996076499999999783e+02 1.011016399999999926e+00
2.919126199999999907e-02 1.959818700000000149e+02 1.004257500000000025e+00
2.932296599999999892e-02 1.929873400000000743e+02 1.002396599999999971e+00
2.945526500000000131e-02 1.908961799999999300e+02 9.981122100000000552e-01
2.958816100000000171e-02 1.881628999999999508e+02 9.874260000000000259e-01
2.972165599999999908e-02 1.854089700000000107e+02 9.791902700000000292e-01
2.985575399999999824e-02 1.810351900000000285e+02 9.682247499999999674e-01
2.999045599999999867e-02 1.765743900000000224e+02 9.479499399999999909e-01
3.012576700000000121e-02 1.749454200000000128e+02 9.396348700000000109e-01
3.026168799999999839e-02 1.723118799999999453e+02 9.361531199999999497e-01
3.039822199999999905e-02 1.701313199999999881e+02 9.100670199999999488e-01
3.053537199999999813e-02 1.668976099999999860e+02 9.040100199999999697e-01
3.067314099999999752e-02 1.635667600000000448e+02 8.881682600000000427e-01
3.081153100000000311e-02 1.606300200000000302e+02 8.914487100000000330e-01
3.095054600000000239e-02 1.587654300000000092e+02 8.859751900000000235e-01
3.109018800000000124e-02 1.568644600000000082e+02 8.788693699999999831e-01
3.123046000000000155e-02 1.533148799999999596e+02 8.715346400000000271e-01
3.137136499999999828e-02 1.512142899999999770e+02 8.649674800000000108e-01
3.151290600000000025e-02 1.468781400000000019e+02 8.376885699999999657e-01
3.165508499999999947e-02 1.448815599999999506e+02 8.254595099999999519e-01
3.179790600000000078e-02 1.427728400000000022e+02 8.239971999999999852e-01
3.194137100000000312e-02 1.405587300000000539e+02 8.037173800000000368e-01
3.208548299999999798e-02 1.374861900000000219e+02 7.928871299999999955e-01
3.223024599999999712e-02 1.350072200000000180e+02 7.930878599999999778e-01
3.237566199999999950e-02 1.332672199999999805e+02 7.897627799999999976e-01
3.252173399999999659e-02 1.304953499999999735e+02 7.807257600000000464e-01
3.266846500000000070e-02 1.281965999999999610e+02 7.808019899999999458e-01
3.281585799999999636e-02 1.264701600000000212e+02 7.731026899999999813e-01
3.296391599999999589e-02 1.236004799999999761e+02 7.533377900000000071e-01
3.311264199999999769e-02 1.205711699999999666e+02 7.389644499999999949e-01
3.326203800000000071e-02 1.189448000000000434e+02 7.352378600000000208e-01
3.341210900000000233e-02 1.173831100000000305e+02 7.276767200000000546e-01
3.356285800000000097e-02 1.154025000000000034e+02 7.104951299999999748e-01
3.371428599999999609e-02 1.127782700000000489e+02 7.157839000000000285e-01
3.386639699999999947e-02 1.108333499999999674e+02 7.072925100000000409e-01
3.401919500000000207e-02 1.086308400000000489e+02 6.995761299999999627e-01
3.417268199999999589e-02 1.064718600000000492e+02 6.972721400000000402e-01
3.432686199999999965e-02 1.051707199999999744e+02 6.927671800000000379e-01
3.448173699999999842e-02 1.035465899999999806e+02 6.795913599999999777e-01
3.463731099999999702e-02 1.006341900000000464e+02 6.597977400000000214e-01
3.479358700000000082e-02 9.918258199999998226e+01 6.655352300000000332e-01
3.495056800000000130e-02 9.774186000000003105e+01 6.566353499999999510e-01
3.510825700000000382e-02 9.560127100000003963e+01 6.416874500000000481e-01
3.526665799999999934e-02 9.345014200000001381e+01 6.408039199999999713e-01
3.542577300000000068e-02 9.133398000000003947e+01 6.360503800000000263e-01
3.558560699999999827e-02 8.967793100000002937e+01 6.313368700000000500e-01
3.574616099999999852e-02 8.885291900000002840e+01 6.285925900000000066e-01
3.590743999999999880e-02 8.767497400000003438e+01 6.231490699999999716e-01
3.606944600000000500e-02 8.527640399999998522e+01 6.056265800000000254e-01
3.623218400000000061e-02 8.333387299999998277e+01 6.022630599999999612e-01
3.639565599999999845e-02 8.219976200000003530e+01 5.999825199999999636e-01
3.655986500000000389e-02 8.102820899999997550e+01 5.871873600000000470e-01
3.672481500000000093e-02 7.961476099999998723e+01 5.774064700000000050e-01
3.689050900000000188e-02 7.820759099999996522e+01 5.778773000000000382e-01
3.705695100000000464e-02 7.692684099999998182e+01 5.731109399999999576e-01
3.722414400000000068e-02 7.576252800000001741e+01 5.699922299999999886e-01
3.739209100000000230e-02 7.439426400000000683e+01 5.637115799999999899e-01
3.756079600000000046e-02 7.273429300000002229e+01 5.524205300000000207e-01
3.773026200000000052e-02 7.073731600000002118e+01 5.468450500000000547e-01
3.790049300000000038e-02 7.004368300000001568e+01 5.445103199999999921e-01
3.807149099999999897e-02 6.907069599999999809e+01 5.348859799999999831e-01
3.824326100000000062e-02 6.791632699999998124e+01 5.250289799999999785e-01
3.841580700000000320e-02 6.660896699999999271e+01 5.245924699999999774e-01
3.858912999999999927e-02 6.555067600000000994e+01 5.231488199999999589e-01
3.876323599999999953e-02 6.459086300000001302e+01 5.197784500000000030e-01
3.893812700000000293e-02 6.323455699999999524e+01 5.114992800000000006e-01
3.911380700000000044e-02 6.230730500000000660e+01 5.064244199999999863e-01
3.929028000000000381e-02 6.139575400000001082e+01 4.981512900000000243e-01
3.946754900000000454e-02 6.057958500000001578e+01 4.933007999999999837e-01
3.964561800000000746e-02 5.953721500000001043e+01 4.896768400000000021e-01
3.982449100000000353e-02 5.814276400000000677e+01 4.811327400000000032e-01
4.000416999999999862e-02 5.696771799999999075e+01 4.812581599999999904e-01
4.018465999999999705e-02 5.603461900000001350e+01 4.758194000000000035e-01
4.036596400000000417e-02 5.532913000000000636e+01 4.728288099999999883e-01
4.054808699999999655e-02 5.441860600000001114e+01 4.698956899999999770e-01
4.073103100000000087e-02 5.337234199999999618e+01 4.602294800000000241e-01
4.091480000000000117e-02 5.224548700000000423e+01 4.568323400000000034e-01
4.109939899999999480e-02 5.151678200000000629e+01 4.562089100000000230e-01
4.128482999999999459e-02 5.077327600000000274e+01 4.431763200000000125e-01
4.147109799999999791e-02 4.999179500000001042e+01 4.417701600000000228e-01
4.165820699999999571e-02 4.927944299999999345e+01 4.400229199999999841e-01
4.184616000000000724e-02 4.871936500000001047e+01 4.356586900000000151e-01
4.203496000000000316e-02 4.808966599999999403e+01 4.348952999999999847e-01
4.222461300000000112e-02 4.731075300000000539e+01 4.254375300000000082e-01
4.241512100000000007e-02 4.622078299999999018e+01 4.205065299999999895e-01
4.260648900000000433e-02 4.584143299999999499e+01 4.192965799999999743e-01
4.279871999999999843e-02 4.530365500000000623e+01 4.062368199999999985e-01
4.299181800000000109e-02 4.449831600000000265e+01 4.062869499999999801e-01
4.318578800000000273e-02 4.379988100000000628e+01 4.024580600000000064e-01
4.338063300000000178e-02 4.342436699999999661e+01 4.011873400000000034e-01
4.357635599999999665e-02 4.302205699999999666e+01 4.000878800000000068e-01
4.377296299999999807e-02 4.231300600000000145e+01 3.911424499999999749e-01
4.397045700000000445e-02 4.164544399999999769e+01 3.865809000000000051e-01
4.416884199999999983e-02 4.115302699999999447e+01 3.855960199999999838e-01
4.436812299999999543e-02 4.060186800000001028e+01 3.730866600000000144e-01
4.456830200000000408e-02 3.993397299999999461e+01 3.758195999999999759e-01
4.476938399999999540e-02 3.945615699999999748e+01 3.723622999999999794e-01
4.497137400000000146e-02 3.884803299999999382e+01 3.695892299999999908e-01
4.517427499999999985e-02 3.846802900000000136e+01 3.679317699999999913e-01
4.537809099999999540e-02 3.781978800000000973e+01 3.596787000000000178e-01
4.558282699999999937e-02 3.729546299999999093e+01 3.592545699999999953e-01
4.578848699999999577e-02 3.672551599999999894e+01 3.536671800000000254e-01
4.599507400000000384e-02 3.625617599999999641e+01 3.480617300000000136e-01
4.620259399999999961e-02 3.586653400000000147e+01 3.468114099999999866e-01
4.641105000000000230e-02 3.537919599999999321e+01 3.449840800000000263e-01
4.662044599999999595e-02 3.495393599999999878e+01 3.431299199999999772e-01
4.683078799999999819e-02 3.448390100000000302e+01 3.387507599999999841e-01
4.704207799999999412e-02 3.392098399999999714e+01 3.317139900000000141e-01
4.725432100000000191e-02 3.351914000000000016e+01 3.316881999999999886e-01
4.746752199999999811e-02 3.313969400000000576e+01 3.231742599999999910e-01
4.768168500000000143e-02 3.264302699999998936e+01 3.223778400000000266e-01
4.789681500000000230e-02 3.210448599999999431e+01 3.217155500000000168e-01
4.811291500000000609e-02 3.167510800000000160e+01 3.200248399999999771e-01
4.832999000000000323e-02 3.122623999999999711e+01 3.161618600000000168e-01
4.854804399999999853e-02 3.071781100000000464e+01 3.088675499999999907e-01
4.876708199999999632e-02 3.031612199999999646e+01 3.082599100000000258e-01
4.898710800000000143e-02 3.006667000000000556e+01 3.023892499999999983e-01
4.920812699999999734e-02 2.956411900000000159e+01 2.984304199999999740e-01
4.943014400000000225e-02 2.920469400000000348e+01 3.004618499999999748e-01
4.965316200000000069e-02 2.890921999999999770e+01 2.980091999999999741e-01
4.987718599999999697e-02 2.856920299999999813e+01 2.955230500000000093e-01
5.010222100000000234e-02 2.805089600000000161e+01 2.891619699999999904e-01
5.032827099999999387e-02 2.770692599999999928e+01 2.880339699999999725e-01
5.055534100000000364e-02 2.719402600000000092e+01 2.803081499999999782e-01
5.078343600000000124e-02 2.669067099999999471e+01 2.800532900000000103e-01
5.101255899999999899e-02 2.642031899999999567e+01 2.800710100000000091e-01
5.124271700000000707e-02 2.604732800000000736e+01 2.773626399999999936e-01
5.147391299999999614e-02 2.568567899999999327e+01 2.745069199999999876e-01
5.170615199999999828e-02 2.513609300000000246e+01 2.698766400000000010e-01
5.193943799999999750e-02 2.471930300000000358e+01 2.684744900000000101e-01
5.217377799999999705e-02 2.421308199999999999e+01 2.611195000000000044e-01
5.240917399999999587e-02 2.382273299999999949e+01 2.628359000000000112e-01
5.264563300000000418e-02 2.344696000000000069e+01 2.597960000000000269e-01
5.288315799999999955e-02 2.297308100000000408e+01 2.596717299999999895e-01
5.312175599999999914e-02 2.234625200000000333e+01 2.529162200000000249e-01
5.336142900000000189e-02 2.184813699999999770e+01 2.518709599999999771e-01
5.360218399999999717e-02 2.143775099999999512e+01 2.463658099999999906e-01
5.384402600000000316e-02 2.094852299999999801e+01 2.463486099999999956e-01
5.408695800000000442e-02 2.055304100000000389e+01 2.448867600000000089e-01
5.433098699999999726e-02 2.019511100000000070e+01 2.439714699999999958e-01
5.457611599999999397e-02 1.977764400000000222e+01 2.393205800000000050e-01
5.482235099999999833e-02 1.913031499999999596e+01 2.368228699999999909e-01
5.506969800000000026e-02 1.876109399999999638e+01 2.334792300000000098e-01
5.531816000000000511e-02 1.841533500000000245e+01 2.304582199999999914e-01
5.556774399999999531e-02 1.799591300000000160e+01 2.292473800000000006e-01
5.581845299999999704e-02 1.766294199999999748e+01 2.294010599999999900e-01
5.607029399999999275e-02 1.719279900000000083e+01 2.252877799999999930e-01
5.632327000000000167e-02 1.665380399999999739e+01 2.224027199999999982e-01
5.657738899999999876e-02 1.611882899999999808e+01 2.207208499999999962e-01
5.683265300000000381e-02 1.570346400000000031e+01 2.151765800000000062e-01
5.708906999999999871e-02 1.523134999999999906e+01 2.159310799999999975e-01
5.734664300000000270e-02 1.474272899999999886e+01 2.153283099999999950e-01
5.760537900000000516e-02 1.426380699999999990e+01 2.131746099999999866e-01
5.786528099999999758e-02 1.365512700000000379e+01 2.092059500000000016e-01
5.812635699999999656e-02 1.318804700000000096e+01 2.062083200000000005e-01
5.838861000000000051e-02 1.271635699999999858e+01 2.028601700000000063e-01
5.865204700000000576e-02 1.226333900000000199e+01 2.031922999999999924e-01
5.891667199999999632e-02 1.186439400000000077e+01 2.020823399999999992e-01
5.918249100000000373e-02 1.143765700000000152e+01 1.998369799999999974e-01
5.944950899999999760e-02 1.101154099999999936e+01 1.950360399999999939e-01
5.971773300000000201e-02 1.069200499999999998e+01 1.941776699999999967e-01
5.998716599999999455e-02 1.016699200000000225e+01 1.913629400000000091e-01
6.025781499999999929e-02 9.731052900000001671e+00 1.904774700000000098e-01
6.052968499999999974e-02 9.332993000000000094e+00 1.898656099999999902e-01
6.080278100000000019e-02 8.928136500000000808e+00 1.851483100000000104e-01
6.107711000000000390e-02 8.462885500000000505e+00 1.841961199999999910e-01
6.135267699999999436e-02 8.059193199999999280e+00 1.802776299999999943e-01
6.162948599999999721e-02 7.601084700000000360e+00 1.796582100000000126e-01
6.190754500000000132e-02 7.276130099999999601e+00 1.798445499999999919e-01
6.218685799999999764e-02 6.945225999999999011e+00 1.793001700000000087e-01
6.246743200000000329e-02 6.468212799999999874e+00 1.737242099999999900e-01
6.274927099999999536e-02 6.212924899999999973e+00 1.731659600000000077e-01
6.303238199999999791e-02 5.836792799999999559e+00 1.699778600000000084e-01
6.331676999999999444e-02 5.569076599999999821e+00 1.703366199999999941e-01
6.360244200000000903e-02 5.255550999999999640e+00 1.697397200000000106e-01
6.388940199999999792e-02 4.933540299999999768e+00 1.658640700000000023e-01
6.417765699999999907e-02 4.551989500000000355e+00 1.647349300000000016e-01
6.446721199999999596e-02 4.321457200000000221e+00 1.606637099999999874e-01
6.475807399999999880e-02 4.033712200000000081e+00 1.617710199999999876e-01
6.505024800000000496e-02 3.606162700000000054e+00 1.608198299999999970e-01
6.534374100000001073e-02 3.391626399999999819e+00 1.587546699999999866e-01
6.563855700000000015e-02 3.233068599999999737e+00 1.557834999999999914e-01
6.593470399999999676e-02 3.046690500000000412e+00 1.533526400000000123e-01
6.623218699999999792e-02 2.692165199999999814e+00 1.529587599999999992e-01
6.653101200000000048e-02 2.485389699999999813e+00 1.529403000000000012e-01
6.683118500000000128e-02 2.336875899999999895e+00 1.509681099999999887e-01
6.713271300000001052e-02 2.174944099999999825e+00 1.467267800000000011e-01
6.743560099999999780e-02 1.959975999999999940e+00 1.462791699999999862e-01
6.773985600000000107e-02 1.759670800000000090e+00 1.442536000000000096e-01
6.804548300000000383e-02 1.524923999999999946e+00 1.439383200000000085e-01
6.835248900000000238e-02 1.404382599999999925e+00 1.429807600000000123e-01
6.866088099999999306e-02 1.243118299999999898e+00 1.400641999999999998e-01
6.897066400000000097e-02 1.211407099999999959e+00 1.392633600000000027e-01
6.928184399999999521e-02 1.076038300000000003e+00 1.369427699999999914e-01
6.959442799999999985e-02 1.042967299999999931e+00 1.374974900000000000e-01
6.990842299999999732e-02 1.006604800000000077e+00 1.362991299999999906e-01
7.022383499999999834e-02 9.280558700000000050e-01 1.332471799999999928e-01
7.054066900000000029e-02 8.306286600000000186e-01 1.320139100000000121e-01
7.085893299999999895e-02 8.233166200000000545e-01 1.316805100000000006e-01
7.117863300000000504e-02 7.239461700000000555e-01 1.303950500000000123e-01
7.149977500000000152e-02 6.535907600000000484e-01 1.292538000000000020e-01
7.182236699999999807e-02 7.211617999999999640e-01 1.269889100000000104e-01
7.214641299999999258e-02 7.865731900000000332e-01 1.248956299999999936e-01
7.247192199999999418e-02 8.607715799999999806e-01 1.249005700000000024e-01
7.279889999999999972e-02 9.068060999999999483e-01 1.241668300000000058e-01
7.312735200000000657e-02 1.007137699999999914e+00 1.221057700000000024e-01
7.345728699999999611e-02 1.099396400000000051e+00 1.214600299999999966e-01
7.378871000000000735e-02 1.116607799999999928e+00 1.194300699999999993e-01
7.412162799999999496e-02 1.137113199999999935e+00 1.188767000000000018e-01
7.445604899999999637e-02 1.174482000000000026e+00 1.186705700000000030e-01
7.479197800000000895e-02 1.152713687944324938e+00 1.158059500000000047e-01
7.512942300000000073e-02 1.170656103975178164e+00 1.155756899999999948e-01
7.546839099999999578e-02 1.289605053161904546e+00 1.139339500000000061e-01
7.580888699999999147e-02 1.386070948710704576e+00 1.141149100000000000e-01
7.615092000000001082e-02 1.490760166094589279e+00 1.124381099999999939e-01
7.649449699999999464e-02 1.575972923390769331e+00 1.111430999999999947e-01
7.683962299999999579e-02 1.634690206036367055e+00 1.093077100000000024e-01
7.718630599999999620e-02 1.682049873929012174e+00 1.095422600000000024e-01
7.753455400000000552e-02 1.772959577089761929e+00 1.086756299999999953e-01
7.788437300000000674e-02 1.877423698436560873e+00 1.067149000000000014e-01
7.823576999999999615e-02 2.001019616576654503e+00 1.060809900000000000e-01
7.858875299999999731e-02 2.119291022928130097e+00 1.051425899999999941e-01
7.894332800000000705e-02 2.248850480620959935e+00 1.046401700000000046e-01
7.929950300000000729e-02 2.366293246298852182e+00 1.038750699999999999e-01
7.965728499999999435e-02 2.462479088950169093e+00 1.027795900000000040e-01
8.001668099999999229e-02 2.508904233329462219e+00 1.006552799999999998e-01
8.037769899999999690e-02 2.589441569559645995e+00 1.007717999999999947e-01
8.074034500000000503e-02 2.634906446949897063e+00 1.008240400000000037e-01
8.110462800000001193e-02 2.702893051984770700e+00 9.898269199999999712e-02
8.147055400000000058e-02 2.792947314995849251e+00 9.729636899999999367e-02
8.183813099999999452e-02 2.881369271504703011e+00 9.741969799999999902e-02
8.220736700000000341e-02 2.954116723305153958e+00 9.729248599999999747e-02
8.257826899999999581e-02 3.072071069509346053e+00 9.529051099999999441e-02
8.295084399999999580e-02 3.182114301596402850e+00 9.383172800000000313e-02
8.332509999999999917e-02 3.263139514937466235e+00 9.384283000000000208e-02
8.370104400000000222e-02 3.304204759439361094e+00 9.388233899999999521e-02
8.407868500000000023e-02 3.320746036188560346e+00 9.225310400000000244e-02
8.445802900000000391e-02 3.335229512986853440e+00 9.093089799999999612e-02
8.483908499999999464e-02 3.362895308747041678e+00 9.062352499999999644e-02
8.522186100000000986e-02 3.384142900497556283e+00 9.032185299999999362e-02
8.560636300000000476e-02 3.428785711907412104e+00 8.875158199999999553e-02
8.599259999999998849e-02 3.456121251924197502e+00 8.787562799999999730e-02
8.638058000000001235e-02 3.454862883846739230e+00 8.696078000000000141e-02
8.677031000000000327e-02 3.429821488993963552e+00 8.707125699999999913e-02
8.716179900000001202e-02 3.405149878943101616e+00 8.550388600000000117e-02
8.755505300000000768e-02 3.374146640573008060e+00 8.465417599999999765e-02
8.795008300000001222e-02 3.342612317264955557e+00 8.416344200000000497e-02
8.834689399999999526e-02 3.332666092839434935e+00 8.417359700000000278e-02
8.874549600000000704e-02 3.309832205070514899e+00 8.313102199999999886e-02
8.914589600000000225e-02 3.282498469198413815e+00 8.260626699999999711e-02
8.954810299999999001e-02 3.189814368917527343e+00 8.307030499999999706e-02
8.995212400000000830e-02 3.124693624960364069e+00 8.286008899999999788e-02
9.035796800000001072e-02 3.067899919913748885e+00 8.258537400000000306e-02
9.076564400000000643e-02 2.999295867547424166e+00 8.057391599999999543e-02
9.117515800000000614e-02 2.962188105334654153e+00 8.111487900000000084e-02
9.158652000000000459e-02 2.928706369014436817e+00 8.117237700000000389e-02
9.199973899999999705e-02 2.881704632148443412e+00 8.055672299999999675e-02
9.241482100000000810e-02 2.842116105810034377e+00 7.936301099999999720e-02
9.283177700000000421e-02 2.800092903572406922e+00 7.935876199999999936e-02
9.325061299999999609e-02 2.739517812132914898e+00 7.862674999999999526e-02
9.367133999999999183e-02 2.693885760019561371e+00 7.807473700000000516e-02
9.409396400000000216e-02 2.575380660151096457e+00 7.708659099999999598e-02
9.451849499999999404e-02 2.480458071807992049e+00 7.768975200000000081e-02
9.494494200000000439e-02 2.400119737589682778e+00 7.698053300000000376e-02
9.537331300000000123e-02 2.317408683699670124e+00 7.533219800000000299e-02
9.580361600000000810e-02 2.245599436611095623e+00 7.574090399999999779e-02
9.623586099999999199e-02 2.201842707179234804e+00 7.484736599999999851e-02
9.667005600000000420e-02 2.147615553472443040e+00 7.464172299999999316e-02
9.710620999999999836e-02 2.056383322110397316e+00 7.343613799999999803e-02
9.754433200000001136e-02 2.001002959087339494e+00 7.330930400000000569e-02
9.798443099999999684e-02 1.936146482593656959e+00 7.290681699999999876e-02
9.842651500000000608e-02 1.870419051796895049e+00 7.137556600000000140e-02
9.887059400000000609e-02 1.795226421119880511e+00 7.154198800000000080e-02
9.931667599999999263e-02 1.748368140296634010e+00 7.149527499999999702e-02
9.976477100000000209e-02 1.673484166685809127e+00 7.085323999999999789e-02
1.002148900000000009e-01 1.580316237709789240e+00 6.958475999999999551e-02
1.006670399999999854e-01 1.504496243467675853e+00 6.974374699999999483e-02
1.011212199999999978e-01 1.448666551059150542e+00 6.898160300000000245e-02
1.015774600000000083e-01 1.407197517778208118e+00 6.744880999999999793e-02
1.020357499999999945e-01 1.351649404454379422e+00 6.794765499999999570e-02
1.024961199999999961e-01 1.305972859725610835e+00 6.729733699999999874e-02
1.029585600000000045e-01 1.255958172765136549e+00 6.640156499999999573e-02
1.034230800000000006e-01 1.219393805102002126e+00 6.622398999999999647e-02
1.038897099999999962e-01 1.204880690527537546e+00 6.569648899999999681e-02
1.043584300000000020e-01 1.162698155591908256e+00 6.540208799999999711e-02
1.048292800000000108e-01 1.136448539766639954e+00 6.434724299999999841e-02
1.053022399999999914e-01 1.071074915373261494e+00 6.445911999999999475e-02
1.057773399999999975e-01 1.029528788957860597e+00 6.388366099999999437e-02
1.062545900000000099e-01 1.010277494237859397e+00 6.259788400000000641e-02
1.067339800000000061e-01 9.640641309280236770e-01 6.302815400000000290e-02
1.072155399999999981e-01 9.361777942143320042e-01 6.208473500000000200e-02
1.076992799999999945e-01 9.222365915967499772e-01 6.129847100000000021e-02
1.081851900000000005e-01 9.101905300174842894e-01 6.140094900000000328e-02
1.086733000000000005e-01 9.001506143189796916e-01 6.073873600000000150e-02
1.091636099999999943e-01 8.854552535558525284e-01 6.007717700000000244e-02
1.096561300000000044e-01 8.508484692721383080e-01 5.990466500000000277e-02
1.101508799999999927e-01 8.318060601661720899e-01 5.947414399999999962e-02
1.106478500000000059e-01 8.124723030844317462e-01 5.871209799999999729e-02
1.111470700000000006e-01 8.052263873952721918e-01 5.821556900000000173e-02
1.116485400000000044e-01 8.137169316362127258e-01 5.792589199999999966e-02
1.121522800000000070e-01 8.029220650075831189e-01 5.754593899999999734e-02
1.126582799999999995e-01 7.878278734000722094e-01 5.664292600000000316e-02
1.131665700000000080e-01 7.674300086933353304e-01 5.682165499999999869e-02
1.136771599999999993e-01 7.562976488665260622e-01 5.634675499999999837e-02
1.141900399999999927e-01 7.595257129329797685e-01 5.542814799999999653e-02
1.147052399999999861e-01 7.410280652964580383e-01 5.526522700000000010e-02
1.152227699999999883e-01 7.059827158324827323e-01 5.514559299999999969e-02
1.157426299999999991e-01 6.894731318925384489e-01 5.439839900000000006e-02
1.162648299999999996e-01 6.634190834709432494e-01 5.418506000000000017e-02
1.167893899999999929e-01 6.447600286283460269e-01 5.389281700000000258e-02
1.173163200000000017e-01 6.159228874208554361e-01 5.322318699999999819e-02
1.178456299999999929e-01 5.818751519522479265e-01 5.291490199999999977e-02
1.183773200000000081e-01 5.591525627582106805e-01 5.225767299999999754e-02
1.189114099999999952e-01 5.519039186439668176e-01 5.167586700000000033e-02
1.194479199999999852e-01 5.372691295159498504e-01 5.138566900000000187e-02
1.199868400000000113e-01 5.041226030028764793e-01 5.077560700000000038e-02
1.205281899999999934e-01 4.640921344192421305e-01 5.039444299999999710e-02
1.210719900000000043e-01 4.209054095268723872e-01 4.999306399999999678e-02
1.216182400000000025e-01 3.885786463037372296e-01 4.913306499999999660e-02
1.221669600000000050e-01 3.725881233011469340e-01 4.940158900000000269e-02
1.227181499999999981e-01 3.564182298783318825e-01 4.903296099999999991e-02
1.232718200000000042e-01 3.591613875817186718e-01 4.796215899999999727e-02
1.238279999999999936e-01 3.301855542806013122e-01 4.809742899999999710e-02
1.243866799999999995e-01 2.911500115124328048e-01 4.788243500000000097e-02
1.249478899999999920e-01 2.381035251327175972e-01 4.684209799999999868e-02
1.255116300000000129e-01 2.186141000832071135e-01 4.705590999999999940e-02
1.260779100000000152e-01 2.147528549488630645e-01 4.645508699999999908e-02
1.266467400000000076e-01 2.078467646964577697e-01 4.584335600000000177e-02
1.272181400000000073e-01 1.871486994483543831e-01 4.549843099999999890e-02
1.277921200000000090e-01 1.549490967683793408e-01 4.478314099999999853e-02
1.283686900000000075e-01 1.432717548903427451e-01 4.475974900000000145e-02
1.289478699999999922e-01 1.384764562893139039e-01 4.455679299999999732e-02
1.295296499999999962e-01 1.321730296403078042e-01 4.364004300000000336e-02
1.301140600000000036e-01 1.279206745913437082e-01 4.387497299999999767e-02
1.307011100000000092e-01 1.217819792112851268e-01 4.343467899999999687e-02
1.312907999999999853e-01 1.257504668539696779e-01 4.286465600000000098e-02
1.318831599999999993e-01 1.285944295777907420e-01 4.285790099999999686e-02
1.324781800000000009e-01 1.326850856855341376e-01 4.202040199999999837e-02
1.330758999999999970e-01 1.402157444295664135e-01 4.225690700000000327e-02
1.336763099999999926e-01 1.498752390569000892e-01 4.182672999999999947e-02
1.342794200000000104e-01 1.499644249249913464e-01 4.108956600000000098e-02
1.348852600000000068e-01 1.583003801957756917e-01 4.114622600000000102e-02
1.354938400000000043e-01 1.602321739640368836e-01 4.051379299999999933e-02
1.361051500000000081e-01 1.724866623640047281e-01 4.055266099999999679e-02
1.367192299999999971e-01 1.789827292874822950e-01 4.035045699999999930e-02
1.373360799999999993e-01 1.929505178632718032e-01 3.970754299999999792e-02
1.379557100000000092e-01 2.097880111862946428e-01 3.988290500000000322e-02
1.385781299999999938e-01 2.345870299528611536e-01 3.920141700000000229e-02
1.392033699999999929e-01 2.564626706581547011e-01 3.908013500000000195e-02
1.398314200000000118e-01 2.846511681486368905e-01 3.887593500000000035e-02
1.404623099999999791e-01 3.015557633543887728e-01 3.820943599999999940e-02
1.410960500000000006e-01 3.260299462742456966e-01 3.832687800000000172e-02
1.417326399999999931e-01 3.382492585500913584e-01 3.773668300000000003e-02
1.423721099999999962e-01 3.590590797761644692e-01 3.787684200000000084e-02
1.430144600000000099e-01 3.714401033901490456e-01 3.765967600000000304e-02
1.436597099999999960e-01 3.796592733709310830e-01 3.712797899999999846e-02
1.443078700000000048e-01 3.944154992786625402e-01 3.712685000000000290e-02
1.449589500000000031e-01 4.157981639886889624e-01 3.637131700000000023e-02
1.456129800000000030e-01 4.326818917345013338e-01 3.672107599999999833e-02
1.462699500000000097e-01 4.413121394820681553e-01 3.617340100000000086e-02
1.469298900000000074e-01 4.361732516524803316e-01 3.613831199999999882e-02
1.475927999999999962e-01 4.373577039253768728e-01 3.583336499999999897e-02
1.482587099999999880e-01 4.400722459240223872e-01 3.532673900000000283e-02
1.489276200000000105e-01 4.461839772734809140e-01 3.526206500000000216e-02
1.495995499999999978e-01 4.411209228253879511e-01 3.451855399999999990e-02
1.502745100000000000e-01 4.407648041628405844e-01 3.474038900000000346e-02
1.509525200000000067e-01 4.255191384274683020e-01 3.406543100000000018e-02
1.516335799999999900e-01 4.231025889897703784e-01 3.422959899999999944e-02
1.523177199999999898e-01 4.135821468317490424e-01 3.373357700000000070e-02
1.530049400000000059e-01 4.067920806313937709e-01 3.346562299999999990e-02
1.536952699999999949e-01 3.923768987536732644e-01 3.340419599999999711e-02
1.543887099999999846e-01 3.713051560426877118e-01 3.262401300000000032e-02
1.550852699999999973e-01 3.536178811705769087e-01 3.272705599999999743e-02
1.557849900000000121e-01 3.346245699462722101e-01 3.195159799999999772e-02
1.564878499999999839e-01 3.147124945593610112e-01 3.219865400000000016e-02
1.571938900000000028e-01 2.976550743465306570e-01 3.149711100000000125e-02
1.579031200000000079e-01 2.758519230908302866e-01 3.164693400000000156e-02
1.586155399999999993e-01 2.493043062681833677e-01 3.099558399999999964e-02
1.593311799999999889e-01 2.251563309864023643e-01 3.107825900000000044e-02
1.600500499999999993e-01 2.102470303688590281e-01 3.059187799999999943e-02
1.607721599999999973e-01 1.966609482306222734e-01 3.044109399999999840e-02
1.614975200000000055e-01 1.830561620624202301e-01 3.020056200000000024e-02
1.622261700000000029e-01 1.669749047568299394e-01 2.970546900000000171e-02
1.629580899999999999e-01 1.498614252089172094e-01 2.954411100000000137e-02
1.636933299999999980e-01 1.379769658147363132e-01 2.906637600000000141e-02
1.644318700000000077e-01 1.239002789203615257e-01 2.908559200000000039e-02
1.651737500000000081e-01 1.217934617073495179e-01 2.848621800000000065e-02
1.659189799999999937e-01 1.144549558554818491e-01 2.864955900000000152e-02
1.666675700000000149e-01 9.985084227201639073e-02 2.788065600000000019e-02
1.674195400000000056e-01 8.209100416048106807e-02 2.808419200000000088e-02
1.681749000000000160e-01 8.018756295479648188e-02 2.741182699999999972e-02
1.689336699999999802e-01 7.886132576824739226e-02 2.769520699999999946e-02
1.696958599999999762e-01 7.854142696181878880e-02 2.694328299999999843e-02
1.704614899999999933e-01 7.330020959994049123e-02 2.720716700000000085e-02
1.712305799999999933e-01 7.578359336411882863e-02 2.655240000000000031e-02
1.720031299999999763e-01 7.739452452278276773e-02 2.677751800000000015e-02
1.727791700000000097e-01 7.445977541255750787e-02 2.614844599999999880e-02
1.735587099999999772e-01 7.840955423087100917e-02 2.641213599999999925e-02
1.743417699999999793e-01 8.231737288598885149e-02 2.579262699999999853e-02
1.751283600000000107e-01 7.825100701248988155e-02 2.603967100000000034e-02
1.759184999999999777e-01 8.002478349696447169e-02 2.548578899999999828e-02
1.767122100000000084e-01 8.312371716647087849e-02 2.573331900000000103e-02
1.775095000000000145e-01 8.993706824567926361e-02 2.502353499999999953e-02
1.783103799999999906e-01 9.010358382244836040e-02 2.518590100000000012e-02
1.791148800000000041e-01 8.958508217544317032e-02 2.472132200000000044e-02
1.799229999999999996e-01 8.931799203237907048e-02 2.487820899999999835e-02
1.807347800000000115e-01 9.065511713805930738e-02 2.451473399999999983e-02
1.815502099999999897e-01 8.829990192854712816e-02 2.442915099999999964e-02
1.823693299999999962e-01 9.290010631785076967e-02 2.420207900000000134e-02
1.831921400000000033e-01 9.312782191905856488e-02 2.396152000000000004e-02
1.840186600000000006e-01 8.985165895524718782e-02 2.392487899999999959e-02
1.848489100000000052e-01 8.966757972900347984e-02 2.345430500000000168e-02
1.856829100000000066e-01 8.758951011502257022e-02 2.364397000000000026e-02
1.865206699999999995e-01 8.564157939862800106e-02 2.309979499999999936e-02
1.873622100000000013e-01 8.213579725632418060e-02 2.323334499999999900e-02
1.882075500000000012e-01 7.703007257095186022e-02 2.257800100000000032e-02
1.890566999999999942e-01 7.074910812722776110e-02 2.281916800000000078e-02
1.899096799999999974e-01 6.513511684321478257e-02 2.234214500000000075e-02
1.907665100000000002e-01 6.055024661874616049e-02 2.242085799999999837e-02
1.916272099999999923e-01 6.537080206350275036e-02 2.221075999999999953e-02
1.924917900000000237e-01 7.299037444495949656e-02 2.196859899999999838e-02
1.933602700000000008e-01 6.987727728016031314e-02 2.208312999999999943e-02
1.942326699999999962e-01 6.862584577001304420e-02 2.156359700000000032e-02
1.951090000000000046e-01 7.018417018349967784e-02 2.171876500000000099e-02
1.959892900000000104e-01 7.021595354718615511e-02 2.114351000000000078e-02
1.968735500000000083e-01 7.213933906550247521e-02 2.132139200000000151e-02
1.977618000000000154e-01 7.270267274144859293e-02 2.111006799999999919e-02
1.986540599999999934e-01 7.380708617526508808e-02 2.094982299999999936e-02
1.995503399999999927e-01 7.907371030847801241e-02 2.100683500000000148e-02
2.004506699999999975e-01 8.298308017893242516e-02 2.048659599999999928e-02
2.013550600000000024e-01 9.066521459209299361e-02 2.064746900000000163e-02
2.022635299999999969e-01 1.005765741960344267e-01 2.021611800000000167e-02
2.031760999999999984e-01 1.061411560451897274e-01 2.033188799999999935e-02
2.040927800000000014e-01 1.096925876433948038e-01 2.031587300000000165e-02
2.050136099999999850e-01 1.076316514077989978e-01 1.989794900000000158e-02
2.059385799999999822e-01 1.113070726825979989e-01 2.010218800000000000e-02
2.068677299999999719e-01 1.142191409370038047e-01 1.955761599999999989e-02
2.078010699999999766e-01 1.144990498316724725e-01 1.963246800000000014e-02
2.087386299999999806e-01 1.175904940302737456e-01 1.965432599999999974e-02
2.096804099999999838e-01 1.170306894904279971e-01 1.925553199999999882e-02
2.106264399999999704e-01 1.151035778096054646e-01 1.942741499999999996e-02
2.115767400000000131e-01 1.161678912823127241e-01 1.896934899999999993e-02
2.125313300000000183e-01 1.075285117414633423e-01 1.893403000000000100e-02
2.134902199999999806e-01 9.670753915426588687e-02 1.911185099999999915e-02
2.144534400000000229e-01 9.314176977399638013e-02 1.893626400000000126e-02
2.154210100000000239e-01 8.905048551305098925e-02 1.899133700000000050e-02
2.163929400000000058e-01 8.545588794285706447e-02 1.903066299999999975e-02
2.173692600000000086e-01 8.469591458307358656e-02 1.890506900000000004e-02
2.183499799999999991e-01 7.713396847476880480e-02 1.898719499999999838e-02
2.193351300000000170e-01 6.584553142892549116e-02 1.885915800000000087e-02
2.203247200000000017e-01 5.661569949335677754e-02 1.870632499999999934e-02
2.213187799999999927e-01 4.933235464261435943e-02 1.873410099999999953e-02
2.223173200000000127e-01 4.148319674406168028e-02 1.851811899999999955e-02
2.233203699999999903e-01 3.232884239233163592e-02 1.844582300000000008e-02
2.243279400000000035e-01 2.684578479990545885e-02 1.846125399999999986e-02
2.253400599999999809e-01 2.477933105385579302e-02 1.828445899999999943e-02
2.263567400000000007e-01 2.253989083662109177e-02 1.826671900000000071e-02
2.273780099999999915e-01 1.962903127298188180e-02 1.831426800000000160e-02
2.284038899999999983e-01 1.293336992686637196e-02 1.810909800000000056e-02
2.294343999999999828e-01 1.091088985761599732e-02 1.816175399999999870e-02
2.304695600000000177e-01 1.427950022965217801e-02 1.820882999999999877e-02
2.315093899999999816e-01 1.493847402607841393e-02 1.800523600000000085e-02
2.325539100000000026e-01 1.534625276509151044e-02 1.796480300000000141e-02
2.336031399999999869e-01 1.638773498954375005e-02 1.799896000000000135e-02
2.346571100000000021e-01 2.218041782999291209e-02 1.780047099999999827e-02
2.357158300000000151e-01 2.010900857854100096e-02 1.778418000000000013e-02
2.367793300000000101e-01 1.934244595554568055e-02 1.784095700000000104e-02
2.378476200000000096e-01 2.275394762598978091e-02 1.773586400000000049e-02
2.389207399999999926e-01 2.498757334262117699e-02 1.745375500000000135e-02
2.399987000000000092e-01 2.647644587159794782e-02 1.751770899999999936e-02
2.410815199999999936e-01 3.243655167028181713e-02 1.722205099999999864e-02
2.421692199999999906e-01 3.727333467553459873e-02 1.681089200000000089e-02
2.432618400000000070e-01 3.975289122236425748e-02 1.692455799999999927e-02
2.443593800000000149e-01 3.820037564299617189e-02 1.679933999999999941e-02
2.454618799999999934e-01 3.847482546132273418e-02 1.636804899999999910e-02
2.465693500000000205e-01 3.721471760163806014e-02 1.625343799999999853e-02
2.476818100000000022e-01 4.160997855421572772e-02 1.633775499999999894e-02
2.487993000000000010e-01 4.251375395403877988e-02 1.611970299999999912e-02
2.499218300000000115e-01 4.332270654384295233e-02 1.579558699999999982e-02
2.510494200000000231e-01 4.162758550568535637e-02 1.574159300000000164e-02
2.521821000000000201e-01 3.630598193753283021e-02 1.580733299999999980e-02
2.533198899999999920e-01 3.382484696775123895e-02 1.551048499999999920e-02
2.544628100000000392e-01 3.376310252171037946e-02 1.530287200000000035e-02
2.556108899999999795e-01 3.205120754185370596e-02 1.535192500000000064e-02
2.567641500000000243e-01 3.176493867104177721e-02 1.534197900000000038e-02
2.579226199999999913e-01 3.333186007895166947e-02 1.505433899999999992e-02
2.590863100000000419e-01 3.557313593712848471e-02 1.483144299999999971e-02
2.602552499999999935e-01 3.627720513239453271e-02 1.494039800000000057e-02
2.614294600000000024e-01 3.376889187238276552e-02 1.494070699999999925e-02
2.626089799999999919e-01 3.212016491129262435e-02 1.458725800000000052e-02
2.637938100000000174e-01 3.178536533771789130e-02 1.442980399999999920e-02
2.649839900000000026e-01 3.268990644449826927e-02 1.447384300000000013e-02
2.661795399999999923e-01 3.666921067659990874e-02 1.452686700000000060e-02
2.673804800000000315e-01 3.727434241072709320e-02 1.431535800000000025e-02
2.685868399999999934e-01 3.844502342803804429e-02 1.406698600000000007e-02
2.697986499999999732e-01 3.584230136885950546e-02 1.400953999999999915e-02
2.710159200000000213e-01 3.436594214125364422e-02 1.409816199999999915e-02
2.722386900000000054e-01 3.634790476467220782e-02 1.403909400000000023e-02
2.734669699999999759e-01 3.569353813041221263e-02 1.383774299999999957e-02
2.747007900000000280e-01 3.311988228739966289e-02 1.367894199999999949e-02
2.759401800000000349e-01 3.223413857721462578e-02 1.354369499999999969e-02
2.771851599999999860e-01 2.956449065446576166e-02 1.365136299999999969e-02
2.784357599999999766e-01 2.456426912902262560e-02 1.357222800000000042e-02
2.796919999999999962e-01 2.389729650881671982e-02 1.339353000000000071e-02
2.809539100000000289e-01 2.010448409057468896e-02 1.319601299999999949e-02
2.822215100000000088e-01 1.430073443292385373e-02 1.308730200000000031e-02
2.834948300000000310e-01 1.380162497433951897e-02 1.307893000000000076e-02
2.847739000000000242e-01 1.064982926592294293e-02 1.313294899999999966e-02
2.860587399999999780e-01 8.589201726248236329e-03 1.297965899999999929e-02
2.873493699999999929e-01 7.084968113270775220e-03 1.278982399999999998e-02
2.886458299999999921e-01 5.223474257871191934e-03 1.262647400000000038e-02
2.899481300000000261e-01 2.246480529343411470e-03 1.257856199999999973e-02
2.912563200000000130e-01 4.784240197448497698e-04 1.256494600000000045e-02
2.925704000000000082e-01 2.860016468284993195e-03 1.260393400000000066e-02
2.938904099999999908e-01 4.990878259692549390e-03 1.254062199999999953e-02
2.952163800000000005e-01 7.236906726791916128e-03 1.243086200000000086e-02
2.965483299999999711e-01 9.718766932515533752e-03 1.231799899999999962e-02
2.978862999999999928e-01 1.333336812651172987e-02 1.219317900000000017e-02
2.992302900000000099e-01 1.463126387566906356e-02 1.214261099999999934e-02
3.005803499999999961e-01 1.612793989324394842e-02 1.213696799999999971e-02
3.019365099999999913e-01 1.911134546514059451e-02 1.216623099999999957e-02
3.032987799999999901e-01 1.761598644645765224e-02 1.213286199999999947e-02
3.046671999999999714e-01 1.992205701016169089e-02 1.207413100000000010e-02
3.060417899999999802e-01 2.063858774671329874e-02 1.198658499999999925e-02
3.074225800000000008e-01 2.077534876610218767e-02 1.189613200000000023e-02
3.088096000000000174e-01 2.282296933007277318e-02 1.180733500000000040e-02
3.102028800000000142e-01 2.364157731554585376e-02 1.170938300000000029e-02
3.116024499999999753e-01 2.443498629179525344e-02 1.162716800000000023e-02
3.130083300000000013e-01 2.421470427364185579e-02 1.160341999999999971e-02
3.144205600000000156e-01 2.273173181023032882e-02 1.158159599999999956e-02
3.158391499999999574e-01 1.792831917708865783e-02 1.157895999999999925e-02
3.172641500000000225e-01 1.576659595696968535e-02 1.156471300000000077e-02
3.186955799999999783e-01 1.763303411743106022e-02 1.153431299999999916e-02
3.201334599999999808e-01 1.699549889572097433e-02 1.168425699999999998e-02
3.215778300000000089e-01 1.313811652438561309e-02 1.170329500000000071e-02
3.230287200000000469e-01 1.422648065052080878e-02 1.172446899999999952e-02
3.244861599999999680e-01 1.233357062053834670e-02 1.170234600000000062e-02
3.259501699999999835e-01 1.258144803043793718e-02 1.171131100000000029e-02
3.274207800000000224e-01 1.164283512795819681e-02 1.177031599999999942e-02
3.288980300000000079e-01 1.202743783618229895e-02 1.174869299999999929e-02
3.303819499999999798e-01 1.037331279283212893e-02 1.158541499999999995e-02
3.318725599999999831e-01 9.578128304031650539e-03 1.134071400000000000e-02
3.333698999999999968e-01 1.180930740226149474e-02 1.125567899999999934e-02
3.348739900000000103e-01 1.352736312544646630e-02 1.115142600000000074e-02
3.363848600000000078e-01 1.116826827061324391e-02 1.099477800000000019e-02
3.379025599999999629e-01 9.417092926087866286e-03 1.089979599999999979e-02
3.394270999999999816e-01 1.082246350673911513e-02 1.083696800000000064e-02
3.409585200000000427e-01 9.977087418896286516e-03 1.068829200000000028e-02
3.424968500000000193e-01 9.731626576023196321e-03 1.061507899999999949e-02
3.440421200000000068e-01 7.154331270185559574e-03 1.058288400000000073e-02
3.455943599999999893e-01 7.813262042261214999e-03 1.050736900000000078e-02
3.471536100000000014e-01 5.752468362885264537e-03 1.048529999999999948e-02
3.487198899999999768e-01 3.300966090854829532e-03 1.041417400000000000e-02
3.502932400000000057e-01 3.435404288949658880e-03 1.033465499999999988e-02
3.518736900000000167e-01 2.126162010536624541e-03 1.029235300000000061e-02
3.534612599999999993e-01 3.711305675011871297e-03 1.024724100000000068e-02
3.550559999999999827e-01 5.545105112156853075e-03 1.021885999999999975e-02
3.566579400000000066e-01 4.940128164968080222e-03 1.015467999999999926e-02
3.582670999999999495e-01 4.752646944115450876e-03 1.028351199999999986e-02
3.598835200000000123e-01 6.913452615958768852e-03 1.041937700000000050e-02
3.615072400000000075e-01 7.391394761976203404e-03 1.048269200000000005e-02
3.631382799999999800e-01 8.707767680095688037e-03 1.051804299999999949e-02
3.647766799999999643e-01 1.021228879745097844e-02 1.052841099999999967e-02
3.664224700000000556e-01 1.132744086018149486e-02 1.038153799999999918e-02
3.680756899999999554e-01 1.249862861277487025e-02 1.030421400000000078e-02
3.697363599999999861e-01 1.299455379471227412e-02 1.023286500000000071e-02
3.714045299999999550e-01 1.202315109451361844e-02 1.011909499999999983e-02
3.730802300000000127e-01 1.077447562674361745e-02 9.994786000000000295e-03
3.747634799999999822e-01 9.815152537174775746e-03 9.873813900000000254e-03
3.764543399999999984e-01 9.996920491838034994e-03 9.757176500000000821e-03
3.781528100000000059e-01 9.066658082546799266e-03 9.705913599999999378e-03
3.798589599999999677e-01 8.588946492971323565e-03 9.647070199999999845e-03
3.815728000000000453e-01 6.119892721731246855e-03 9.659985100000000741e-03
3.832943699999999954e-01 4.260822547785977216e-03 9.590881100000000353e-03
3.850237100000000190e-01 2.873921402712602182e-03 9.532502700000000662e-03
3.867608499999999894e-01 3.885702823468158672e-03 9.484241699999999831e-03
3.885058299999999964e-01 5.541463230112435995e-03 9.419704900000000838e-03
3.902586799999999689e-01 3.381222127508515599e-03 9.284630699999999251e-03
3.920194500000000470e-01 3.294782405519342070e-03 9.235579699999999642e-03
3.937881500000000035e-01 3.122369970971836193e-03 9.219864600000000562e-03
3.955648400000000287e-01 4.111221404763774553e-03 9.197649400000000586e-03
3.973495400000000011e-01 3.959982210854385079e-03 9.245490199999999506e-03
3.991422900000000107e-01 4.951965439514485583e-03 9.356308799999999218e-03
4.009431299999999809e-01 4.009009182152441578e-03 9.436788099999999374e-03
4.027521000000000018e-01 4.666901574872337442e-03 9.468735699999999630e-03
4.045692300000000019e-01 4.429045284712451042e-03 9.517763400000000401e-03
4.063945599999999603e-01 5.882793273933736682e-03 9.420058499999999987e-03
4.082281199999999721e-01 5.942549974980090681e-03 9.327521400000000212e-03
4.100699599999999556e-01 4.819955318592351184e-03 9.201569200000000656e-03
4.119201000000000112e-01 4.428515239036531943e-03 9.069364099999999498e-03
4.137785999999999964e-01 2.831535635199526699e-03 8.960637500000000200e-03
4.156454700000000169e-01 4.522809889849837076e-03 8.929928599999999508e-03
4.175207699999999855e-01 4.523093734627714295e-03 8.888140299999999772e-03
4.194045400000000479e-01 2.476916487331051828e-03 8.808473500000000428e-03
4.212968000000000268e-01 3.522918443842809610e-03 8.730502200000000296e-03
4.231975999999999516e-01 5.061671713507985559e-03 8.676421700000000806e-03
4.251069699999999729e-01 4.935710091593971394e-03 8.665346699999999791e-03
4.270249600000000090e-01 6.159096495405497196e-03 8.635309199999999935e-03
4.289515999999999885e-01 4.695589899930888503e-03 8.564509399999999800e-03
4.308869399999999406e-01 5.369951638044372956e-03 8.528229300000000554e-03
4.328310099999999605e-01 5.405940755322476143e-03 8.530208900000000802e-03
4.347838400000000325e-01 5.429489328608498935e-03 8.626923800000000156e-03
4.367454900000000140e-01 6.623219862751650137e-03 8.755001599999999440e-03
4.387159899999999446e-01 4.926312307529423333e-03 8.823619499999999297e-03
4.406953799999999699e-01 5.150527048961459249e-03 8.831367999999999163e-03
4.426837000000000133e-01 3.374193152444655581e-03 8.849770499999999596e-03
4.446809899999999427e-01 2.546267331088369022e-03 8.754989399999999616e-03
4.466872999999999538e-01 2.887898779723911159e-03 8.575931400000000315e-03
4.487026499999999807e-01 1.924181098013988487e-03 8.451896599999999746e-03
4.507271000000000472e-01 3.289021967410830634e-04 8.332260699999999992e-03
4.527606800000000264e-01 1.842501051721993953e-03 8.239482700000000034e-03
4.548034400000000033e-01 1.883219336865126717e-03 8.172977700000000345e-03
4.568554100000000173e-01 2.090976259612307379e-03 8.096093999999999860e-03
4.589166399999999868e-01 2.771103337319650965e-03 8.052961100000000441e-03
4.609871700000000017e-01 2.548663740429109141e-03 8.018768699999999708e-03
4.630670499999999801e-01 3.289119157029864876e-03 7.987191100000000724e-03
4.651563000000000225e-01 3.776093419262435864e-03 7.998228099999999188e-03
4.672549899999999812e-01 2.756299104633039461e-03 7.967633899999999880e-03
4.693631400000000120e-01 2.823514836205560583e-03 7.935176299999999183e-03
4.714808000000000332e-01 3.669209270662854207e-03 7.877882200000000182e-03
4.736080200000000184e-01 3.529481704564201797e-03 7.846222400000000055e-03
4.757448300000000074e-01 2.531447982354026287e-03 7.773204399999999840e-03
4.778912899999999686e-01 2.791050536531463570e-03 7.746402099999999923e-03
4.800474300000000527e-01 2.750633139347823802e-03 7.721361999999999844e-03
4.822133000000000114e-01 3.001994269433755705e-03 7.688542300000000135e-03
4.843889400000000456e-01 2.742534104702850587e-03 7.639638600000000015e-03
4.865744000000000180e-01 1.590050730738588750e-03 7.585428499999999699e-03
4.887697099999999684e-01 2.816419836907313110e-03 7.530081499999999838e-03
4.909749299999999761e-01 3.254865023926703082e-03 7.474818400000000397e-03
4.931901100000000149e-01 2.919095371478862017e-03 7.437805900000000331e-03
4.954152700000000187e-01 3.506139716081756522e-03 7.404123399999999570e-03
4.976504800000000062e-01 2.171773887942511725e-03 7.388371999999999822e-03
4.998957700000000171e-01 1.213080816480846319e-03 7.358227600000000375e-03
5.021511899999999695e-01 1.978541987208775558e-03 7.339375999999999886e-03
5.044167800000000090e-01 1.572378750652468279e-03 7.303040499999999963e-03
5.066926000000000485e-01 1.607148348117343846e-03 7.265485900000000219e-03
5.089786800000000166e-01 3.055096028169555105e-04 7.215186699999999974e-03
5.112750799999999929e-01 1.610514742633665673e-03 7.166427300000000056e-03
5.135818500000000064e-01 7.631027299857993332e-04 7.136746400000000372e-03
5.158990100000000467e-01 1.102632605828834456e-03 7.103240499999999985e-03
5.182266399999999607e-01 1.163935785902479002e-03 7.077680299999999924e-03
5.205647599999999597e-01 2.167584823767155795e-03 7.061034300000000423e-03
5.229134399999999516e-01 2.157668384650830891e-03 7.007933299999999713e-03
5.252727099999999760e-01 2.616151545765050927e-03 6.987458299999999879e-03
5.276426199999999511e-01 1.969578724463594624e-03 6.946218900000000404e-03
5.300232299999999563e-01 1.843167748886317264e-03 6.914583699999999993e-03
5.324145799999999706e-01 2.276512571890930078e-03 6.894255799999999580e-03
5.348167099999999730e-01 2.335274497564582882e-03 6.859030999999999809e-03
5.372296899999999820e-01 2.271787607489732502e-03 6.829485199999999791e-03
5.396535500000000374e-01 1.674881274766794412e-03 6.781573600000000146e-03
5.420883499999999966e-01 2.038211163980649648e-03 6.877495299999999631e-03
5.445341299999999496e-01 1.579700729685717085e-03 6.920356100000000371e-03
5.469909500000000868e-01 8.601073205936128922e-04 6.967837299999999831e-03
5.494588499999999431e-01 7.492271541157763349e-04 6.998630100000000076e-03
5.519378900000000421e-01 1.080762747038668641e-03 7.020328999999999632e-03
5.544281100000000295e-01 1.521784561519298057e-03 7.033120300000000012e-03
5.569295699999999849e-01 1.157738599773887626e-03 7.040333499999999918e-03
5.594423200000000485e-01 1.277888404610755518e-03 7.043117800000000053e-03
5.619663999999999771e-01 1.474777883376753290e-03 7.058894900000000326e-03
5.645018699999999612e-01 5.476205645687982513e-04 7.069718600000000214e-03
5.670487699999999798e-01 8.265527972157245707e-04 7.008614199999999884e-03
5.696071700000000515e-01 6.980392759067586108e-04 6.864950300000000408e-03
5.721771199999999835e-01 2.819101832912402749e-04 6.767921199999999728e-03
5.747586500000000376e-01 6.974870155999286824e-04 6.715266999999999591e-03
5.773518400000000605e-01 4.583465660669293795e-04 6.665131700000000159e-03
5.799567199999999811e-01 5.277582289312203597e-04 6.599023199999999936e-03
5.825733600000000401e-01 1.720732077091629945e-03 6.537844499999999857e-03
5.852017999999999942e-01 1.467369044866641487e-03 6.497048299999999728e-03
5.878421000000000340e-01 9.249740443616743385e-04 6.449016200000000192e-03
5.904943200000000170e-01 1.458801238824320150e-03 6.400791700000000098e-03
5.931585000000000329e-01 1.236167070745962512e-03 6.374530100000000248e-03
5.958346999999999394e-01 1.074130898635150414e-03 6.338253700000000095e-03
5.985229800000000377e-01 1.162241156880064550e-03 6.284421800000000377e-03
6.012233799999999739e-01 6.642916395610813001e-04 6.251268800000000202e-03
6.039359699999999886e-01 2.157596853521345467e-04 6.219566000000000157e-03
6.066607899999999498e-01 5.667552860254807022e-04 6.191409699999999953e-03
6.093979099999999871e-01 6.174056342065329002e-04 6.142063399999999826e-03
6.121473800000000187e-01 9.144945615862346174e-04 6.095098200000000251e-03
6.149092600000000131e-01 4.902147501722446286e-04 6.074265799999999972e-03
6.176835900000000601e-01 1.728034935281242248e-03 6.041302400000000267e-03
6.204704500000000067e-01 1.094963583921806103e-03 6.002068600000000365e-03
6.232698700000000036e-01 1.208458224731284074e-03 5.966619299999999931e-03
6.260819300000000087e-01 6.710772636090841722e-04 5.928239699999999883e-03
6.289066700000000010e-01 6.979900299345896415e-04 5.893077899999999911e-03
6.317441599999999990e-01 8.443743652640714340e-04 5.870635899999999789e-03
6.345944500000000321e-01 1.858189026227381648e-04 5.838475099999999689e-03
6.374575999999999576e-01 8.279419807197676640e-04 5.797222900000000186e-03
6.403336699999999659e-01 7.708051684112913722e-04 5.761577599999999702e-03
6.432227200000000256e-01 7.399623995029202617e-04 5.726379099999999792e-03
6.461247999999999436e-01 3.841163645252657598e-04 5.694071499999999939e-03
6.490399700000000216e-01 1.136357794872797089e-03 5.677078200000000401e-03
6.519682900000000059e-01 1.124299748866035851e-03 5.644017099999999905e-03
6.549098300000000261e-01 7.401024442217927829e-04 5.627685900000000199e-03
6.578646400000000005e-01 1.129387610092827529e-03 5.595720999999999681e-03
6.608327800000000085e-01 5.047726210907017754e-04 5.566255899999999861e-03
6.638143100000000185e-01 9.192543478366806738e-04 5.529862099999999572e-03
6.668092999999999382e-01 7.432084054804980041e-04 5.493919499999999623e-03
6.698178000000000187e-01 4.530018297163300066e-04 5.475617900000000204e-03
6.728398700000000066e-01 9.009597539153321863e-04 5.446541699999999861e-03
6.758755700000000921e-01 4.792061946226910973e-04 5.417063300000000275e-03
6.789249699999999610e-01 3.228270913772144745e-04 5.378750499999999587e-03
6.819881299999999147e-01 4.306982318338467455e-04 5.363921100000000261e-03
6.850651200000000829e-01 1.459383665737719316e-04 5.341478600000000403e-03
6.881559800000001115e-01 7.191987689841561858e-04 5.311803399999999627e-03
6.912607900000000694e-01 5.834249844479890866e-04 5.290703400000000035e-03
6.943796000000000967e-01 7.033415288710179571e-04 5.268838399999999783e-03
6.975124900000000405e-01 4.321070611731825557e-04 5.235252000000000135e-03
7.006595100000000409e-01 6.233671991219991593e-04 5.202799000000000139e-03
7.038207400000000558e-01 4.347930936848124536e-04 5.185038200000000388e-03
7.069962200000000641e-01 5.170608297661998280e-04 5.154180399999999662e-03
7.101860300000000237e-01 6.130537703776851605e-04 5.134159999999999592e-03
7.133902400000000643e-01 7.775183801172015413e-04 5.128935400000000401e-03
7.166088999999999931e-01 7.956185954704694807e-04 5.104172300000000238e-03
7.198420799999999398e-01 4.369998724049383647e-04 5.090353300000000254e-03
7.230898500000000340e-01 6.014847349264703779e-04 5.073006199999999764e-03
7.263522700000000221e-01 6.130180558581208678e-04 5.048147799999999630e-03
7.296294100000000338e-01 5.280247022589253667e-04 5.022718899999999674e-03
7.329213399999999767e-01 5.328873038826403060e-04 4.999719100000000159e-03
7.362281199999999304e-01 4.283671728991972111e-04 4.960779000000000230e-03
7.395498200000000244e-01 2.633125153289569455e-04 4.954452800000000087e-03
7.428865000000000052e-01 5.743782753915006823e-04 4.941237999999999707e-03
7.462382400000000526e-01 3.838114242032055639e-04 4.919903599999999981e-03
7.496051099999999634e-01 5.381053115542112344e-04 4.891838800000000188e-03
7.529871599999999887e-01 6.597097762868049881e-04 4.865071399999999595e-03
7.563844699999999754e-01 6.172029880845519671e-04 4.837712800000000361e-03
7.597971100000000533e-01 2.474787000125148908e-04 4.830857499999999770e-03
7.632251499999999078e-01 1.730379949677108588e-04 4.807798200000000348e-03
7.666686600000000018e-01 3.780115816955973264e-04 4.783102200000000082e-03
7.701276999999999706e-01 1.412204926911419601e-04 4.757342000000000341e-03
7.736023400000000549e-01 6.324114081582042158e-04 4.744803700000000367e-03
7.770926700000000409e-01 3.603869850476683540e-04 4.724567600000000034e-03
7.805987400000000687e-01 7.911041490809862103e-04 4.702919199999999918e-03
7.841206300000000962e-01 1.991499748128083282e-04 4.677364699999999632e-03
7.876584100000000310e-01 5.782005728422217510e-04 4.669788599999999575e-03
7.912121500000000029e-01 1.708671701211269861e-04 4.646839399999999967e-03
7.947819300000000808e-01 2.040676583380140368e-04 4.625237800000000198e-03
7.983678100000000111e-01 -9.974949399163690264e-03 4.605571999999999618e-03
8.019698699999999736e-01 5.307165715237094133e-04 4.587804899999999887e-03
8.055881799999999870e-01 4.155589673718903913e-04 4.561468299999999615e-03
8.092228200000000093e-01 4.730352655665173039e-04 4.549641999999999575e-03
8.128738500000000089e-01 5.849116514179409894e-04 4.529964099999999640e-03
8.165413599999999938e-01 2.627512674224487471e-04 4.508758699999999668e-03
8.202254100000000436e-01 5.019367789104180709e-04 4.492722200000000277e-03
8.239260900000000554e-01 5.825619630319301290e-04 4.474296299999999671e-03
8.276434599999999975e-01 7.403902158259804099e-04 4.459384000000000264e-03
8.313776100000001001e-01 3.532441546579372354e-04 4.437143900000000037e-03
8.351285999999999987e-01 2.275328424302682472e-04 4.419391100000000412e-03
8.388965199999999234e-01 -9.963722410894607778e-03 4.406462499999999616e-03
8.426814400000000038e-01 1.641828181481884874e-04 4.387173099999999888e-03
8.464834300000000367e-01 3.743350028438889696e-04 4.365002399999999907e-03
8.503025799999999190e-01 1.737854684205456012e-04 4.353694499999999704e-03
8.541389600000000026e-01 2.949954663691973199e-04 4.334255500000000136e-03
8.579926399999999731e-01 2.198937324581294172e-04 4.317247700000000424e-03
8.618637199999999998e-01 2.819395348033330601e-04 4.299228500000000161e-03
8.657522600000000512e-01 3.742221425699756372e-04 4.284047600000000233e-03
8.696583400000000852e-01 2.529004746039292036e-04 4.333371400000000061e-03
8.735820499999999988e-01 1.551440902720871049e-04 4.410593299999999647e-03
8.775234599999999219e-01 2.091986071954950134e-04 4.457099699999999762e-03
8.814826500000000342e-01 3.565487542362499418e-04 4.492716899999999770e-03
8.854597100000000109e-01 2.481338843662066673e-04 4.518065699999999733e-03
8.894547099999999817e-01 6.501588412137262361e-07 4.544252500000000097e-03
8.934677300000000155e-01 1.101933995311821658e-04 4.545461899999999646e-03
8.974988600000000094e-01 5.307046415784049927e-04 4.444881399999999622e-03
9.015481800000000323e-01 -9.962598582638686889e-03 4.377363300000000103e-03
9.056157700000000421e-01 3.360189519205440656e-04 4.332526500000000343e-03
9.097017000000000575e-01 1.161206174726058757e-04 4.303780600000000310e-03
9.138060800000000761e-01 3.126938752918534924e-04 4.274215100000000080e-03
9.179289699999999552e-01 4.751324827719548088e-04 4.244150900000000226e-03
9.220704600000000362e-01 -9.970522389675374325e-03 4.221813999999999949e-03
9.262306399999999940e-01 1.037285041599600433e-04 4.193216599999999815e-03
9.304095900000000086e-01 1.354424565671724916e-04 4.164834099999999671e-03
9.346073999999999771e-01 5.454446333393191040e-04 4.146212399999999951e-03
9.388241399999999182e-01 2.958989134382615581e-04 4.121426899999999956e-03
9.430599100000001123e-01 1.755381520217171943e-04 4.097767300000000092e-03
9.473147899999999622e-01 2.112974059577515116e-04 4.072245900000000252e-03
9.515888599999999808e-01 1.716080383259769551e-04 4.063837800000000104e-03
9.558822200000000047e-01 -9.961765501165554398e-03 4.040743900000000159e-03
9.601949499999999915e-01 1.458953185755032154e-04 4.026020299999999615e-03
9.645271399999999495e-01 1.738770964712327584e-05 4.000496899999999960e-03
9.688788800000001089e-01 1.237878318879965980e-04 3.984029899999999916e-03
9.732502399999999332e-01 2.597166568338356990e-04 3.960988300000000024e-03
9.776413400000000253e-01 -9.968715111766892137e-03 3.939420400000000037e-03
9.820522399999999097e-01 1.272461480448691641e-04 3.927508300000000230e-03
9.864830400000000887e-01 1.470976002032100812e-04 3.910975500000000299e-03
9.909338400000000657e-01 2.111802657395445127e-04 3.898308999999999976e-03
9.954047100000000814e-01 -9.973870595504960579e-03 3.884403299999999917e-03
9.998957600000000223e-01 1.510163012753223900e-04 3.875985800000000033e-03
1.004407100000000108e+00 1.332912769388457249e-04 3.864442100000000085e-03
1.008938699999999855e+00 2.777027106530484575e-04 3.850286100000000107e-03
1.013490800000000025e+00 -9.973385716093813996e-03 3.834215499999999929e-03
1.018063500000000010e+00 1.578809641840475978e-05 3.820928999999999819e-03
1.022656800000000032e+00 4.297510663106352452e-05 3.806066800000000149e-03
1.027270799999999928e+00 9.286636160419682335e-05 3.793613600000000138e-03
1.031905599999999978e+00 8.458747774150666878e-05 3.780648800000000007e-03
1.036561300000000019e+00 1.022916041465980107e-04 3.764530700000000112e-03
1.041238099999999944e+00 -9.965864474667343251e-03 3.749298500000000037e-03
1.045935899999999918e+00 1.268542886006553117e-04 3.737993900000000091e-03
1.050654900000000058e+00 9.192314171838607078e-05 3.724913299999999938e-03
1.055395300000000036e+00 -9.963894071983734127e-03 3.711149300000000061e-03
1.060157000000000016e+00 3.004640041640347465e-06 3.698128800000000018e-03
1.064940199999999892e+00 6.048518379332473108e-05 3.687097199999999925e-03
1.069744900000000110e+00 -9.963852814840362324e-03 3.676771799999999958e-03
1.074571399999999954e+00 -9.967068790945686485e-03 3.665933000000000126e-03
1.079419600000000035e+00 1.075909826081196315e-04 3.651555300000000007e-03
1.084289700000000023e+00 -9.964663190409476720e-03 3.635235599999999886e-03
1.089181799999999978e+00 -9.971495648267700296e-03 3.623726199999999925e-03
1.094095999999999957e+00 1.811977302558671898e-04 3.609504500000000095e-03
1.099032299999999962e+00 8.863689679251967614e-05 3.598997200000000115e-03
1.103990900000000108e+00 -9.969550326455810935e-03 3.584138299999999836e-03
1.108971799999999952e+00 1.230422328139142707e-04 3.567770699999999861e-03
1.113975299999999891e+00 -9.965310672135083495e-03 3.548654799999999884e-03
1.119001300000000088e+00 -9.971697042583773166e-03 3.538560899999999929e-03
1.124049999999999994e+00 1.625165671305965205e-05 3.526652999999999819e-03
1.129121399999999831e+00 -9.962237863899027490e-03 3.511083300000000015e-03
1.134215799999999996e+00 4.736075770370174327e-05 3.497798099999999914e-03
1.139333099999999988e+00 5.526390763679805553e-06 3.491537199999999921e-03
1.144473500000000143e+00 -9.964614912357472667e-03 3.478593299999999978e-03
1.149637100000000078e+00 -9.962559906126062376e-03 3.464767899999999980e-03
1.154824099999999909e+00 1.186396980015191363e-05 3.457794599999999916e-03
1.160034400000000021e+00 1.582302445100879388e-04 3.444566100000000068e-03
1.165268200000000087e+00 -9.967894633485279571e-03 3.437719899999999978e-03
1.170525599999999944e+00 -9.974864770821548904e-03 3.433422599999999981e-03
1.175806800000000152e+00 -9.965536966504049202e-03 3.426989699999999882e-03
1.181111800000000045e+00 -9.965749813891687861e-03 3.426047199999999841e-03
1.186440700000000126e+00 -9.972959827702142926e-03 3.416766999999999808e-03
1.191793600000000009e+00 7.616044444402420227e-05 3.414493399999999918e-03
1.197170700000000032e+00 2.445912532544992910e-05 3.458947999999999884e-03
1.202572100000000033e+00 -9.965211409038060228e-03 3.555707500000000135e-03
1.207997900000000069e+00 -9.969557048168681268e-03 3.610941400000000027e-03
1.213448099999999918e+00 3.304505570792218440e-06 3.652044599999999894e-03
1.218922899999999920e+00 -9.983993162357642989e-03 3.682620199999999799e-03
1.224422399999999911e+00 -9.963859436487951943e-03 3.615488999999999942e-03
1.229946699999999948e+00 -9.967979463741881777e-03 3.549586600000000178e-03
1.235495999999999928e+00 -9.966740499614084453e-03 3.513985800000000125e-03
1.241070299999999849e+00 -9.963764589659137444e-03 3.485881599999999907e-03
1.246669699999999992e+00 3.858192579236878060e-05 3.464805499999999792e-03
1.252294400000000030e+00 4.403780225705227256e-05 3.442698300000000215e-03
1.257944500000000021e+00 -9.965194069045460457e-03 3.438268899999999840e-03
1.263619999999999965e+00 -9.972168673802362868e-03 3.430242300000000116e-03
1.269321200000000038e+00 4.433594626179074099e-05 3.425369100000000191e-03
1.275048100000000018e+00 4.274052123703733807e-05 3.425626399999999894e-03
1.280800900000000020e+00 -9.969081630200890901e-03 3.420882399999999792e-03
1.286579499999999987e+00 -9.970326594347463448e-03 3.419887199999999995e-03
1.292384299999999930e+00 8.293765479745884438e-06 3.418340199999999815e-03
1.298215299999999850e+00 -9.975192329696964955e-03 3.421970800000000146e-03
1.304072499999999968e+00 -9.978650304967282697e-03 3.423518700000000199e-03
1.309956200000000015e+00 -9.973355153022790340e-03 3.420446699999999968e-03
1.315866399999999992e+00 -9.971590294399397883e-03 3.410406099999999975e-03
1.321803300000000014e+00 -9.981216570041322525e-03 3.396619599999999798e-03
1.327766999999999920e+00 -9.974305676548805843e-03 3.388830700000000033e-03
1.333757600000000210e+00 -9.985460028088002232e-03 3.385871700000000172e-03
1.339775199999999833e+00 -9.976705414402403660e-03 3.381657100000000186e-03
1.345820000000000016e+00 -9.975055096305354349e-03 3.378893699999999806e-03
1.351892100000000152e+00 -9.971680114702468137e-03 3.375074999999999950e-03
1.357991500000000018e+00 -9.975208097437529564e-03 3.372079400000000185e-03
1.364118500000000012e+00 -9.965590138500174736e-03 3.369678499999999820e-03
1.370273100000000133e+00 -9.970089359436173221e-03 3.366767200000000178e-03
1.376455400000000218e+00 -9.971634027706625242e-03 3.362010600000000116e-03
1.382665699999999998e+00 -9.977641101369130738e-03 3.358968999999999844e-03
1.388903999999999916e+00 -9.971149610232392727e-03 3.353102699999999971e-03
1.395170400000000033e+00 -9.967631336152516647e-03 3.340212200000000024e-03
1.401465100000000019e+00 -9.968210374083574798e-03 3.326241900000000053e-03
1.407788199999999934e+00 5.081386930393387706e-07 3.321851299999999899e-03
1.414139899999999894e+00 -9.973549775667235259e-03 3.316356999999999812e-03
1.420520100000000063e+00 -9.973058762940452057e-03 3.311985800000000202e-03
1.426929200000000009e+00 -9.964815761509227335e-03 3.305837700000000077e-03
1.433367199999999952e+00 -9.975452122602264382e-03 3.304030199999999969e-03
1.439834199999999953e+00 -9.976655088169935834e-03 3.300950700000000217e-03
1.446330500000000185e+00 -9.979772813682912316e-03 3.296911599999999797e-03
1.452855999999999925e+00 -9.980322334849089233e-03 3.290695599999999936e-03
1.459410999999999792e+00 -9.974943444965411743e-03 3.289761899999999861e-03
1.465995500000000007e+00 -9.966557286176829650e-03 3.283784799999999934e-03
1.472609700000000021e+00 -9.967804336532125331e-03 3.280352700000000073e-03
1.479253799999999952e+00 -9.986635553031877888e-03 3.272299299999999883e-03
1.485927900000000079e+00 -9.971735372241245440e-03 3.263455800000000014e-03
1.492632100000000017e+00 -9.973337661866244624e-03 3.249275199999999888e-03
1.499366500000000046e+00 -9.975404204278103329e-03 3.241182100000000038e-03
1.506131300000000062e+00 -9.987135215058557183e-03 3.238441999999999796e-03
1.512926699999999958e+00 -9.973071085294021865e-03 3.235064100000000203e-03
1.519752599999999898e+00 -9.966861015253746653e-03 3.230113399999999871e-03
1.526609399999999894e+00 -9.987715123170403872e-03 3.341785199999999963e-03
1.533497200000000005e+00 -9.983827403732839501e-03 3.465539799999999959e-03
1.540416000000000007e+00 -9.989325575659910653e-03 3.549676299999999975e-03
1.547366000000000019e+00 -9.985564490285314676e-03 3.609646299999999877e-03
1.554347399999999935e+00 -9.981189192827460283e-03 3.487734100000000181e-03
1.561360199999999754e+00 -9.990425374232283010e-03 3.415264700000000125e-03
1.568404700000000096e+00 1.118179192162102089e-05 3.373697799999999993e-03
1.575480999999999909e+00 -9.973074577651421663e-03 3.344838599999999922e-03
1.582589299999999977e+00 -9.986949499663607538e-03 3.328657000000000057e-03
1.589729600000000076e+00 -9.978320576380914075e-03 3.311345800000000100e-03
1.596902099999999880e+00 -9.979436804520933763e-03 3.302632199999999858e-03
1.604106899999999891e+00 -9.978122880405525252e-03 3.293138900000000015e-03
1.611344299999999841e+00 -9.997265090090875703e-03 3.287747799999999991e-03
1.618614400000000009e+00 -9.977713650322373243e-03 3.272703999999999978e-03
1.625917199999999951e+00 -9.986265639953077755e-03 3.252300200000000138e-03
1.633253000000000066e+00 -9.976111417172429593e-03 3.239692699999999984e-03
1.640621799999999908e+00 -9.988359568034206951e-03 3.226392600000000006e-03
1.648023999999999933e+00 -9.996001358599421877e-03 3.221464099999999872e-03
1.655459500000000084e+00 -9.986210972006233019e-03 3.213647899999999905e-03
1.662928599999999868e+00 -9.986587124940174420e-03 3.203527500000000021e-03
1.670431300000000174e+00 -9.992456009190717886e-03 3.195354999999999984e-03
1.677967999999999904e+00 -9.990771777199597067e-03 3.187843499999999837e-03
1.685538600000000109e+00 -9.983886654568740332e-03 3.181227599999999784e-03
1.693143400000000076e+00 -9.986424734022218697e-03 3.169908600000000132e-03
1.700782400000000028e+00 -9.982022228156563204e-03 3.153969600000000161e-03
1.708455999999999975e+00 -9.979854024761578013e-03 3.137608999999999971e-03
1.716164199999999918e+00 -9.982545405533357549e-03 3.129214899999999827e-03
1.723907099999999915e+00 -9.991776208658839295e-03 3.122763299999999857e-03
1.731685000000000141e+00 -9.995194308780279771e-03 3.117108600000000149e-03
1.739497999999999767e+00 -9.981742112590161198e-03 3.109229600000000017e-03
1.747346199999999961e+00 -9.983925227363190172e-03 3.104900700000000086e-03
1.755229899999999787e+00 -9.975071096784084504e-03 3.101004699999999892e-03
1.763149099999999914e+00 -9.989166244537212372e-03 3.094807199999999835e-03
1.771104000000000012e+00 -9.978230073277066098e-03 3.086945499999999964e-03
1.779094900000000035e+00 -9.991716781188160479e-03 3.083866099999999812e-03
1.787121700000000146e+00 -9.994978456331468988e-03 3.077147599999999900e-03
1.795184899999999972e+00 -9.988869385384806579e-03 3.071542699999999827e-03
1.803284300000000062e+00 -9.994744713910978795e-03 3.065145999999999930e-03
1.811420400000000042e+00 -9.989935005093436224e-03 3.058650699999999802e-03
1.819593100000000074e+00 -9.986929163594166284e-03 3.054740299999999902e-03
1.827802699999999891e+00 -9.976811023180712917e-03 3.047984699999999915e-03
1.836049299999999995e+00 -9.985163209492985484e-03 3.042368900000000029e-03
1.844333200000000117e+00 -9.980812767747038183e-03 3.036536900000000143e-03
1.852654400000000035e+00 -9.997083307775173761e-03 3.122977400000000008e-03
1.861013199999999923e+00 -9.983165015965031822e-03 3.300775900000000023e-03
1.869409700000000063e+00 -9.977764788030366733e-03 3.417540000000000161e-03
1.877843999999999847e+00 -9.984639149589073781e-03 3.394724000000000005e-03
1.886316399999999893e+00 -9.998223036284135945e-03 3.230451300000000171e-03
1.894827100000000097e+00 -9.996311216149560835e-03 3.163602800000000007e-03
1.903376100000000015e+00 -9.982381312109774030e-03 3.129368999999999901e-03
1.911963700000000044e+00 -9.995657903194907559e-03 3.111181499999999926e-03
1.920590100000000078e+00 -9.999847314083867497e-03 3.100772400000000040e-03
1.929255400000000176e+00 -9.986499606319214697e-03 3.090699499999999874e-03
1.937959800000000010e+00 -9.988120569700123519e-03 3.076738700000000108e-03
1.946703400000000084e+00 -9.985403106580227617e-03 3.053681500000000101e-03
1.955486499999999905e+00 -9.988981083787071974e-03 3.029428600000000013e-03
1.964309200000000200e+00 -9.988285775282062032e-03 3.015605000000000195e-03
1.973171800000000031e+00 -9.984607726714578649e-03 3.006281500000000141e-03
1.982074299999999845e+00 -9.992470605199942069e-03 2.998085799999999999e-03
1.991016999999999815e+00 -9.991022988510012137e-03 2.991089499999999898e-03
2.000000000000000000e+00 -9.992086960779279770e-03 2.980740600000000157e-03
