xMean xWidth yMean yStd Obs cdfMean cdfStd
  4.020000E-08   4.000000E-10   1.490613E-01   1.571994E-02   2.738589E-02   1.490613E-01   1.571994E-02
  4.060000E-08   4.000000E-10   8.815961E-02   1.477372E-02   2.639583E-02   2.372209E-01   1.154102E-02
  4.100000E-08   4.000000E-10   3.602878E-02   9.712281E-03   2.546060E-02   2.732496E-01   5.915821E-03
  4.140000E-08   4.000000E-10   1.596936E-02   5.371440E-03   2.465265E-02   2.892190E-01   6.656705E-03
  4.180000E-08   4.000000E-10   8.059483E-03   5.511113E-03   2.380078E-02   2.972785E-01   2.481555E-03
  4.220000E-08   4.000000E-10   2.845562E-03   2.530903E-03   2.298389E-02   3.001240E-01   2.829903E-03
  4.260000E-08   4.000000E-10   1.290756E-03   1.110919E-03   2.209625E-02   3.014148E-01   2.686286E-03
  4.300000E-08   4.000000E-10   6.331930E-04   1.019540E-03   2.118592E-02   3.020480E-01   2.464730E-03
  4.340000E-08   4.000000E-10   2.082628E-04   6.585849E-04   2.059843E-02   3.022563E-01   2.693940E-03
  4.380000E-08   4.000000E-10   0.000000E+00   0.000000E+00   0.000000E+00   3.022563E-01   2.693940E-03
  4.420000E-08   4.000000E-10   2.009962E-04   6.356057E-04   1.924904E-02   3.024573E-01   2.496722E-03
  4.460000E-08   4.000000E-10   0.000000E+00   0.000000E+00   0.000000E+00   3.024573E-01   2.496722E-03
  4.500000E-08   4.000000E-10   0.000000E+00   0.000000E+00   0.000000E+00   3.024573E-01   2.496722E-03
  4.540000E-08   4.000000E-10   0.000000E+00   0.000000E+00   0.000000E+00   3.024573E-01   2.496722E-03
  4.580000E-08   4.000000E-10   0.000000E+00   0.000000E+00   0.000000E+00   3.024573E-01   2.496722E-03
  4.620000E-08   4.000000E-10   0.000000E+00   0.000000E+00   0.000000E+00   3.024573E-01   2.496722E-03
  4.660000E-08   4.000000E-10   0.000000E+00   0.000000E+00   0.000000E+00   3.024573E-01   2.496722E-03
  4.700000E-08   4.000000E-10   0.000000E+00   0.000000E+00   0.000000E+00   3.024573E-01   2.496722E-03
  4.740000E-08   4.000000E-10   0.000000E+00   0.000000E+00   0.000000E+00   3.024573E-01   2.496722E-03
  4.780000E-08   4.000000E-10   0.000000E+00   0.000000E+00   0.000000E+00   3.024573E-01   2.496722E-03
  4.820000E-08   4.000000E-10   0.000000E+00   0.000000E+00   0.000000E+00   3.024573E-01   2.496722E-03
  4.860000E-08   4.000000E-10   0.000000E+00   0.000000E+00   0.000000E+00   3.024573E-01   2.496722E-03
  4.900000E-08   4.000000E-10   0.000000E+00   0.000000E+00   0.000000E+00   3.024573E-01   2.496722E-03
  4.940000E-08   4.000000E-10   0.000000E+00   0.000000E+00   0.000000E+00   3.024573E-01   2.496722E-03
  4.980000E-08   4.000000E-10   0.000000E+00   0.000000E+00   0.000000E+00   3.024573E-01   2.496722E-03
  5.020000E-08   4.000000E-10   0.000000E+00   0.000000E+00   0.000000E+00   3.024573E-01   2.496722E-03
  5.060000E-08   4.000000E-10   0.000000E+00   0.000000E+00   0.000000E+00   3.024573E-01   2.496722E-03
  5.100000E-08   4.000000E-10   0.000000E+00   0.000000E+00   0.000000E+00   3.024573E-01   2.496722E-03
  5.140000E-08   4.000000E-10   0.000000E+00   0.000000E+00   0.000000E+00   3.024573E-01   2.496722E-03
  5.180000E-08   4.000000E-10   0.000000E+00   0.000000E+00   0.000000E+00   3.024573E-01   2.496722E-03
  5.220000E-08   4.000000E-10   0.000000E+00   0.000000E+00   0.000000E+00   3.024573E-01   2.496722E-03
  5.260000E-08   4.000000E-10   0.000000E+00   0.000000E+00   0.000000E+00   3.024573E-01   2.496722E-03
  5.300000E-08   4.000000E-10   0.000000E+00   0.000000E+00   0.000000E+00   3.024573E-01   2.496722E-03
  5.340000E-08   4.000000E-10   0.000000E+00   0.000000E+00   0.000000E+00   3.024573E-01   2.496722E-03
  5.380000E-08   4.000000E-10   0.000000E+00   0.000000E+00   0.000000E+00   3.024573E-01   2.496722E-03
  5.420000E-08   4.000000E-10   1.322068E-04   4.180746E-04   9.677922E-03   3.025895E-01   2.724711E-03
  5.460000E-08   4.000000E-10   1.304591E-04   4.125479E-04   9.488553E-03   3.027199E-01   2.628292E-03
  5.500000E-08   4.000000E-10   0.000000E+00   0.000000E+00   0.000000E+00   3.027199E-01   2.628292E-03
  5.540000E-08   4.000000E-10   3.800044E-04   6.118762E-04   9.186934E-03   3.030999E-01   2.614522E-03
  5.580000E-08   4.000000E-10   3.752301E-04   8.430301E-04   8.993524E-03   3.034752E-01   2.846614E-03
  5.620000E-08   4.000000E-10   3.698816E-04   5.955773E-04   8.814185E-03   3.038450E-01   2.978203E-03
  5.660000E-08   4.000000E-10   8.525648E-04   1.004414E-03   8.622047E-03   3.046976E-01   2.913236E-03
  5.700000E-08   4.000000E-10   1.198300E-03   1.129362E-03   8.390181E-03   3.058959E-01   3.259214E-03
  5.740000E-08   4.000000E-10   2.132171E-03   1.349423E-03   8.244334E-03   3.080281E-01   3.378619E-03
  5.780000E-08   4.000000E-10   2.450744E-03   1.394833E-03   8.111902E-03   3.104788E-01   3.435776E-03
  5.820000E-08   4.000000E-10   3.796433E-03   1.958651E-03   7.892403E-03   3.142753E-01   4.691837E-03
  5.860000E-08   4.000000E-10   7.041970E-03   1.910208E-03   7.751666E-03   3.213172E-01   4.434784E-03
  5.900000E-08   4.000000E-10   6.157441E-03   2.130089E-03   7.601719E-03   3.274747E-01   4.714320E-03
  5.940000E-08   4.000000E-10   1.193700E-02   4.288542E-03   7.440776E-03   3.394117E-01   5.253196E-03
  5.980000E-08   4.000000E-10   1.396435E-02   4.507804E-03   7.296972E-03   3.533760E-01   6.332683E-03
  6.020000E-08   4.000000E-10   2.066030E-02   5.069670E-03   7.183533E-03   3.740363E-01   7.773166E-03
  6.060000E-08   4.000000E-10   2.378595E-02   6.024087E-03   7.042564E-03   3.978223E-01   4.744547E-03
  6.100000E-08   4.000000E-10   3.143706E-02   3.625160E-03   6.913882E-03   4.292593E-01   6.543427E-03
  6.140000E-08   4.000000E-10   3.527785E-02   5.452767E-03   6.802519E-03   4.645372E-01   5.392649E-03
  6.180000E-08   4.000000E-10   4.460775E-02   4.655671E-03   6.692206E-03   5.091449E-01   6.480242E-03
  6.220000E-08   4.000000E-10   5.009642E-02   6.209236E-03   6.581646E-03   5.592413E-01   7.636637E-03
  6.260000E-08   4.000000E-10   5.811830E-02   6.791743E-03   6.472833E-03   6.173596E-01   8.350332E-03
  6.300000E-08   4.000000E-10   5.857917E-02   8.766687E-03   6.364012E-03   6.759388E-01   4.287687E-03
  6.340000E-08   4.000000E-10   5.201258E-02   5.371928E-03   6.261317E-03   7.279514E-01   7.928090E-03
  6.380000E-08   4.000000E-10   3.921318E-02   5.638486E-03   6.165583E-03   7.671646E-01   7.995925E-03
  6.420000E-08   4.000000E-10   3.105264E-02   5.771618E-03   6.072473E-03   7.982172E-01   6.908535E-03
  6.460000E-08   4.000000E-10   2.823207E-02   4.469426E-03   5.977664E-03   8.264493E-01   5.005707E-03
  6.500000E-08   4.000000E-10   2.023388E-02   3.996901E-03   5.895416E-03   8.466832E-01   4.156638E-03
  6.540000E-08   4.000000E-10   1.614897E-02   4.088829E-03   5.811476E-03   8.628321E-01   3.022895E-03
  6.580000E-08   4.000000E-10   1.325095E-02   2.842540E-03   5.737216E-03   8.760831E-01   3.545169E-03
  6.620000E-08   4.000000E-10   1.157589E-02   3.055485E-03   5.666738E-03   8.876590E-01   2.882993E-03
  6.660000E-08   4.000000E-10   6.596590E-03   1.505850E-03   5.594193E-03   8.942556E-01   3.307202E-03
  6.700000E-08   4.000000E-10   6.252860E-03   1.407664E-03   5.506206E-03   9.005084E-01   3.044937E-03
  6.740000E-08   4.000000E-10   3.605798E-03   1.603840E-03   5.457574E-03   9.041142E-01   2.849942E-03
  6.780000E-08   4.000000E-10   2.716425E-03   1.911962E-03   5.388412E-03   9.068306E-01   1.931576E-03
  6.820000E-08   4.000000E-10   1.673890E-03   1.112915E-03   5.329117E-03   9.085045E-01   1.756975E-03
  6.860000E-08   4.000000E-10   8.295869E-04   1.104692E-03   5.259934E-03   9.093341E-01   1.211568E-03
  6.900000E-08   4.000000E-10   9.016799E-04   7.153548E-04   5.195708E-03   9.102358E-01   8.795806E-04
  6.940000E-08   4.000000E-10   6.485718E-04   5.115424E-04   5.111611E-03   9.108844E-01   5.022032E-04
  6.980000E-08   4.000000E-10   7.995442E-05   2.528381E-04   4.995233E-03   9.109643E-01   5.873669E-04
  7.020000E-08   4.000000E-10   2.374124E-04   3.822713E-04   4.946769E-03   9.112017E-01   5.963286E-04
  7.060000E-08   4.000000E-10   1.576050E-04   3.322606E-04   4.912322E-03   9.113593E-01   4.405591E-04
  7.100000E-08   4.000000E-10   0.000000E+00   0.000000E+00   0.000000E+00   9.113593E-01   4.405591E-04
  7.140000E-08   4.000000E-10   7.662573E-05   2.423118E-04   4.757920E-03   9.114360E-01   3.186118E-04
  7.180000E-08   4.000000E-10   0.000000E+00   0.000000E+00   0.000000E+00   9.114360E-01   3.186118E-04
  7.220000E-08   4.000000E-10   0.000000E+00   0.000000E+00   0.000000E+00   9.114360E-01   3.186118E-04
  7.260000E-08   4.000000E-10   0.000000E+00   0.000000E+00   0.000000E+00   9.114360E-01   3.186118E-04
  7.300000E-08   4.000000E-10   0.000000E+00   0.000000E+00   0.000000E+00   9.114360E-01   3.186118E-04
  7.340000E-08   4.000000E-10   0.000000E+00   0.000000E+00   0.000000E+00   9.114360E-01   3.186118E-04
  7.380000E-08   4.000000E-10   0.000000E+00   0.000000E+00   0.000000E+00   9.114360E-01   3.186118E-04
  7.420000E-08   4.000000E-10   0.000000E+00   0.000000E+00   0.000000E+00   9.114360E-01   3.186118E-04
  7.460000E-08   4.000000E-10   0.000000E+00   0.000000E+00   0.000000E+00   9.114360E-01   3.186118E-04
  7.500000E-08   4.000000E-10   0.000000E+00   0.000000E+00   0.000000E+00   9.114360E-01   3.186118E-04
  7.540000E-08   4.000000E-10   0.000000E+00   0.000000E+00   0.000000E+00   9.114360E-01   3.186118E-04
  7.580000E-08   4.000000E-10   0.000000E+00   0.000000E+00   0.000000E+00   9.114360E-01   3.186118E-04
  7.620000E-08   4.000000E-10   0.000000E+00   0.000000E+00   0.000000E+00   9.114360E-01   3.186118E-04
  7.660000E-08   4.000000E-10   0.000000E+00   0.000000E+00   0.000000E+00   9.114360E-01   3.186118E-04
  7.700000E-08   4.000000E-10   0.000000E+00   0.000000E+00   0.000000E+00   9.114360E-01   3.186118E-04
  7.740000E-08   4.000000E-10   0.000000E+00   0.000000E+00   0.000000E+00   9.114360E-01   3.186118E-04
  7.780000E-08   4.000000E-10   0.000000E+00   0.000000E+00   0.000000E+00   9.114360E-01   3.186118E-04
  7.820000E-08   4.000000E-10   0.000000E+00   0.000000E+00   0.000000E+00   9.114360E-01   3.186118E-04
  7.860000E-08   4.000000E-10   0.000000E+00   0.000000E+00   0.000000E+00   9.114360E-01   3.186118E-04
  7.900000E-08   4.000000E-10   0.000000E+00   0.000000E+00   0.000000E+00   9.114360E-01   3.186118E-04
  7.940000E-08   4.000000E-10   0.000000E+00   0.000000E+00   0.000000E+00   9.114360E-01   3.186118E-04
  7.980000E-08   4.000000E-10   0.000000E+00   0.000000E+00   0.000000E+00   9.114360E-01   3.186118E-04
  8.020000E-08   4.000000E-10   0.000000E+00   0.000000E+00   0.000000E+00   9.114360E-01   3.186118E-04
  8.060000E-08   4.000000E-10   0.000000E+00   0.000000E+00   0.000000E+00   9.114360E-01   3.186118E-04
  8.100000E-08   4.000000E-10   0.000000E+00   0.000000E+00   0.000000E+00   9.114360E-01   3.186118E-04
  8.140000E-08   4.000000E-10   0.000000E+00   0.000000E+00   0.000000E+00   9.114360E-01   3.186118E-04
  8.180000E-08   4.000000E-10   0.000000E+00   0.000000E+00   0.000000E+00   9.114360E-01   3.186118E-04
  8.220000E-08   4.000000E-10   0.000000E+00   0.000000E+00   0.000000E+00   9.114360E-01   3.186118E-04
  8.260000E-08   4.000000E-10   0.000000E+00   0.000000E+00   0.000000E+00   9.114360E-01   3.186118E-04
  8.300000E-08   4.000000E-10   0.000000E+00   0.000000E+00   0.000000E+00   9.114360E-01   3.186118E-04
  8.340000E-08   4.000000E-10   0.000000E+00   0.000000E+00   0.000000E+00   9.114360E-01   3.186118E-04
  8.380000E-08   4.000000E-10   0.000000E+00   0.000000E+00   0.000000E+00   9.114360E-01   3.186118E-04
  8.420000E-08   4.000000E-10   0.000000E+00   0.000000E+00   0.000000E+00   9.114360E-01   3.186118E-04
  8.460000E-08   4.000000E-10   0.000000E+00   0.000000E+00   0.000000E+00   9.114360E-01   3.186118E-04
  8.500000E-08   4.000000E-10   0.000000E+00   0.000000E+00   0.000000E+00   9.114360E-01   3.186118E-04
  8.540000E-08   4.000000E-10   0.000000E+00   0.000000E+00   0.000000E+00   9.114360E-01   3.186118E-04
  8.580000E-08   4.000000E-10   0.000000E+00   0.000000E+00   0.000000E+00   9.114360E-01   3.186118E-04
  8.620000E-08   4.000000E-10   0.000000E+00   0.000000E+00   0.000000E+00   9.114360E-01   3.186118E-04
  8.660000E-08   4.000000E-10   0.000000E+00   0.000000E+00   0.000000E+00   9.114360E-01   3.186118E-04
  8.700000E-08   4.000000E-10   0.000000E+00   0.000000E+00   0.000000E+00   9.114360E-01   3.186118E-04
  8.740000E-08   4.000000E-10   0.000000E+00   0.000000E+00   0.000000E+00   9.114360E-01   3.186118E-04
  8.780000E-08   4.000000E-10   0.000000E+00   0.000000E+00   0.000000E+00   9.114360E-01   3.186118E-04
  8.820000E-08   4.000000E-10   0.000000E+00   0.000000E+00   0.000000E+00   9.114360E-01   3.186118E-04
  8.860000E-08   4.000000E-10   0.000000E+00   0.000000E+00   0.000000E+00   9.114360E-01   3.186118E-04
  8.900000E-08   4.000000E-10   0.000000E+00   0.000000E+00   0.000000E+00   9.114360E-01   3.186118E-04
  8.940000E-08   4.000000E-10   0.000000E+00   0.000000E+00   0.000000E+00   9.114360E-01   3.186118E-04
  8.980000E-08   4.000000E-10   0.000000E+00   0.000000E+00   0.000000E+00   9.114360E-01   3.186118E-04
  9.020000E-08   4.000000E-10   0.000000E+00   0.000000E+00   0.000000E+00   9.114360E-01   3.186118E-04
  9.060000E-08   4.000000E-10   0.000000E+00   0.000000E+00   0.000000E+00   9.114360E-01   3.186118E-04
  9.100000E-08   4.000000E-10   0.000000E+00   0.000000E+00   0.000000E+00   9.114360E-01   3.186118E-04
  9.140000E-08   4.000000E-10   0.000000E+00   0.000000E+00   0.000000E+00   9.114360E-01   3.186118E-04
  9.180000E-08   4.000000E-10   0.000000E+00   0.000000E+00   0.000000E+00   9.114360E-01   3.186118E-04
  9.220000E-08   4.000000E-10   0.000000E+00   0.000000E+00   0.000000E+00   9.114360E-01   3.186118E-04
  9.260000E-08   4.000000E-10   0.000000E+00   0.000000E+00   0.000000E+00   9.114360E-01   3.186118E-04
  9.300000E-08   4.000000E-10   0.000000E+00   0.000000E+00   0.000000E+00   9.114360E-01   3.186118E-04
  9.340000E-08   4.000000E-10   0.000000E+00   0.000000E+00   0.000000E+00   9.114360E-01   3.186118E-04
  9.380000E-08   4.000000E-10   0.000000E+00   0.000000E+00   0.000000E+00   9.114360E-01   3.186118E-04
  9.420000E-08   4.000000E-10   0.000000E+00   0.000000E+00   0.000000E+00   9.114360E-01   3.186118E-04
  9.460000E-08   4.000000E-10   0.000000E+00   0.000000E+00   0.000000E+00   9.114360E-01   3.186118E-04
  9.500000E-08   4.000000E-10   0.000000E+00   0.000000E+00   0.000000E+00   9.114360E-01   3.186118E-04
  9.540000E-08   4.000000E-10   0.000000E+00   0.000000E+00   0.000000E+00   9.114360E-01   3.186118E-04
  9.580000E-08   4.000000E-10   0.000000E+00   0.000000E+00   0.000000E+00   9.114360E-01   3.186118E-04
  9.620000E-08   4.000000E-10   0.000000E+00   0.000000E+00   0.000000E+00   9.114360E-01   3.186118E-04
  9.660000E-08   4.000000E-10   0.000000E+00   0.000000E+00   0.000000E+00   9.114360E-01   3.186118E-04
  9.700000E-08   4.000000E-10   0.000000E+00   0.000000E+00   0.000000E+00   9.114360E-01   3.186118E-04
  9.740000E-08   4.000000E-10   0.000000E+00   0.000000E+00   0.000000E+00   9.114360E-01   3.186118E-04
  9.780000E-08   4.000000E-10   0.000000E+00   0.000000E+00   0.000000E+00   9.114360E-01   3.186118E-04
  9.820000E-08   4.000000E-10   0.000000E+00   0.000000E+00   0.000000E+00   9.114360E-01   3.186118E-04
  9.860000E-08   4.000000E-10   0.000000E+00   0.000000E+00   0.000000E+00   9.114360E-01   3.186118E-04
  9.900000E-08   4.000000E-10   0.000000E+00   0.000000E+00   0.000000E+00   9.114360E-01   3.186118E-04
  9.940000E-08   4.000000E-10   0.000000E+00   0.000000E+00   0.000000E+00   9.114360E-01   3.186118E-04
  9.980000E-08   4.000000E-10   0.000000E+00   0.000000E+00   0.000000E+00   9.114360E-01   3.186118E-04
  1.002000E-07   4.000000E-10   0.000000E+00   0.000000E+00   0.000000E+00   9.114360E-01   3.186118E-04
  1.006000E-07   4.000000E-10   0.000000E+00   0.000000E+00   0.000000E+00   9.114360E-01   3.186118E-04
  1.010000E-07   4.000000E-10   0.000000E+00   0.000000E+00   0.000000E+00   9.114360E-01   3.186118E-04
  1.014000E-07   4.000000E-10   0.000000E+00   0.000000E+00   0.000000E+00   9.114360E-01   3.186118E-04
  1.018000E-07   4.000000E-10   7.533061E-05   1.588110E-04   1.583212E-03   9.115113E-01   3.839711E-04
  1.022000E-07   4.000000E-10   4.474973E-04   4.572550E-04   1.563060E-03   9.119588E-01   6.642193E-04
  1.026000E-07   4.000000E-10   4.819926E-04   4.646483E-04   1.539769E-03   9.124408E-01   7.905128E-04
  1.030000E-07   4.000000E-10   5.877363E-04   3.562662E-04   1.513594E-03   9.130285E-01   1.036816E-03
  1.034000E-07   4.000000E-10   9.108833E-04   3.923193E-04   1.492931E-03   9.139394E-01   1.158509E-03
  1.038000E-07   4.000000E-10   1.519687E-03   6.576307E-04   1.470075E-03   9.154591E-01   1.281113E-03
  1.042000E-07   4.000000E-10   2.549719E-03   1.022506E-03   1.450150E-03   9.180088E-01   1.827203E-03
  1.046000E-07   4.000000E-10   4.350890E-03   1.151621E-03   1.430665E-03   9.223597E-01   1.387106E-03
  1.050000E-07   4.000000E-10   5.094187E-03   1.043695E-03   1.409177E-03   9.274539E-01   1.326347E-03
  1.054000E-07   4.000000E-10   6.918030E-03   1.050779E-03   1.390054E-03   9.343719E-01   1.589871E-03
  1.058000E-07   4.000000E-10   8.082848E-03   1.503066E-03   1.370623E-03   9.424548E-01   1.695927E-03
  1.062000E-07   4.000000E-10   1.030580E-02   2.175573E-03   1.351966E-03   9.527606E-01   2.442839E-03
  1.066000E-07   4.000000E-10   1.057405E-02   1.633687E-03   1.334458E-03   9.633346E-01   1.655608E-03
  1.070000E-07   4.000000E-10   9.437637E-03   1.194117E-03   1.316089E-03   9.727723E-01   1.856519E-03
  1.074000E-07   4.000000E-10   7.848914E-03   2.042511E-03   1.299352E-03   9.806212E-01   2.778213E-03
  1.078000E-07   4.000000E-10   5.405658E-03   1.775132E-03   1.283377E-03   9.860268E-01   2.380985E-03
  1.082000E-07   4.000000E-10   4.629425E-03   1.437453E-03   1.266331E-03   9.906562E-01   1.564893E-03
  1.086000E-07   4.000000E-10   3.043415E-03   1.197632E-03   1.251193E-03   9.936997E-01   9.199143E-04
  1.090000E-07   4.000000E-10   2.036078E-03   8.731602E-04   1.235688E-03   9.957357E-01   7.806520E-04
  1.094000E-07   4.000000E-10   1.793257E-03   8.584285E-04   1.218739E-03   9.975290E-01   8.948847E-04
  1.098000E-07   4.000000E-10   1.068465E-03   5.300669E-04   1.205389E-03   9.985975E-01   7.706740E-04
  1.102000E-07   4.000000E-10   6.745795E-04   5.550680E-04   1.191775E-03   9.992720E-01   5.167613E-04
  1.106000E-07   4.000000E-10   3.828133E-04   2.926394E-04   1.179877E-03   9.996549E-01   3.757665E-04
  1.110000E-07   4.000000E-10   6.361096E-05   1.341037E-04   1.163975E-03   9.997185E-01   3.443233E-04
  1.114000E-07   4.000000E-10   1.569613E-04   2.221597E-04   1.142365E-03   9.998754E-01   2.178087E-04
  1.118000E-07   4.000000E-10   9.353696E-05   2.103809E-04   1.129688E-03   9.999690E-01   9.813938E-05
  1.122000E-07   4.000000E-10   3.103440E-05   9.813938E-05   1.118085E-03   1.000000E+00   0.000000E+00
  1.126000E-07   4.000000E-10   0.000000E+00   0.000000E+00   0.000000E+00   1.000000E+00   0.000000E+00
  1.130000E-07   4.000000E-10   0.000000E+00   0.000000E+00   0.000000E+00   1.000000E+00   0.000000E+00
  1.134000E-07   4.000000E-10   0.000000E+00   0.000000E+00   0.000000E+00   1.000000E+00   0.000000E+00
  1.138000E-07   4.000000E-10   0.000000E+00   0.000000E+00   0.000000E+00   1.000000E+00   0.000000E+00
  1.142000E-07   4.000000E-10   0.000000E+00   0.000000E+00   0.000000E+00   1.000000E+00   0.000000E+00
  1.146000E-07   4.000000E-10   0.000000E+00   0.000000E+00   0.000000E+00   1.000000E+00   0.000000E+00
  1.150000E-07   4.000000E-10   0.000000E+00   0.000000E+00   0.000000E+00   1.000000E+00   0.000000E+00
  1.154000E-07   4.000000E-10   0.000000E+00   0.000000E+00   0.000000E+00   1.000000E+00   0.000000E+00
  1.158000E-07   4.000000E-10   0.000000E+00   0.000000E+00   0.000000E+00   1.000000E+00   0.000000E+00
  1.162000E-07   4.000000E-10   0.000000E+00   0.000000E+00   0.000000E+00   1.000000E+00   0.000000E+00
  1.166000E-07   4.000000E-10   0.000000E+00   0.000000E+00   0.000000E+00   1.000000E+00   0.000000E+00
  1.170000E-07   4.000000E-10   0.000000E+00   0.000000E+00   0.000000E+00   1.000000E+00   0.000000E+00
  1.174000E-07   4.000000E-10   0.000000E+00   0.000000E+00   0.000000E+00   1.000000E+00   0.000000E+00
  1.178000E-07   4.000000E-10   0.000000E+00   0.000000E+00   0.000000E+00   1.000000E+00   0.000000E+00
  1.182000E-07   4.000000E-10   0.000000E+00   0.000000E+00   0.000000E+00   1.000000E+00   0.000000E+00
  1.186000E-07   4.000000E-10   0.000000E+00   0.000000E+00   0.000000E+00   1.000000E+00   0.000000E+00
  1.190000E-07   4.000000E-10   0.000000E+00   0.000000E+00   0.000000E+00   1.000000E+00   0.000000E+00
  1.194000E-07   4.000000E-10   0.000000E+00   0.000000E+00   0.000000E+00   1.000000E+00   0.000000E+00
  1.198000E-07   4.000000E-10   0.000000E+00   0.000000E+00   0.000000E+00   1.000000E+00   0.000000E+00