fitX0 dataMean dataStd fitMeasValMean fitMeasValStd
  2.000000E+07   4.415408E+02   1.167470E+01   4.498916E+02   3.284402E-01
  2.009024E+07   4.187422E+02   9.443402E+00   4.466919E+02   3.240683E-01
  2.018088E+07   4.118805E+02   9.058580E+00   4.434864E+02   3.197057E-01
  2.027193E+07   4.031676E+02   7.698050E+00   4.402753E+02   3.153528E-01
  2.036339E+07   4.061792E+02   7.268684E+00   4.370588E+02   3.110104E-01
  2.045527E+07   4.200236E+02   6.484948E+00   4.338372E+02   3.066791E-01
  2.054756E+07   4.148495E+02   5.951594E+00   4.306107E+02   3.023596E-01
  2.064026E+07   4.051107E+02   5.288882E+00   4.273794E+02   2.980525E-01
  2.073339E+07   3.877491E+02   4.948115E+00   4.241436E+02   2.937583E-01
  2.082693E+07   3.792910E+02   4.435616E+00   4.209037E+02   2.894779E-01
  2.092090E+07   3.784884E+02   4.087256E+00   4.176596E+02   2.852119E-01
  2.101529E+07   3.795442E+02   3.905355E+00   4.144119E+02   2.809610E-01
  2.111011E+07   3.790129E+02   3.790129E+00   4.111606E+02   2.767258E-01
  2.120535E+07   3.800390E+02   3.800390E+00   4.079061E+02   2.725072E-01
  2.130102E+07   3.788297E+02   3.788297E+00   4.046486E+02   2.683057E-01
  2.139713E+07   3.774529E+02   3.774529E+00   4.013883E+02   2.641222E-01
  2.149367E+07   3.728213E+02   3.728213E+00   3.981256E+02   2.599574E-01
  2.159064E+07   3.689282E+02   3.689282E+00   3.948606E+02   2.558120E-01
  2.168805E+07   3.673356E+02   3.673356E+00   3.915936E+02   2.516868E-01
  2.178591E+07   3.626087E+02   3.626087E+00   3.883249E+02   2.475826E-01
  2.188420E+07   3.608588E+02   3.608588E+00   3.850548E+02   2.435001E-01
  2.198294E+07   3.656861E+02   3.656861E+00   3.817836E+02   2.394402E-01
  2.208212E+07   3.669413E+02   3.669413E+00   3.785115E+02   2.354036E-01
  2.218175E+07   3.618653E+02   3.618653E+00   3.752388E+02   2.313912E-01
  2.228183E+07   3.549988E+02   3.549988E+00   3.719658E+02   2.274038E-01
  2.238236E+07   3.531379E+02   3.531379E+00   3.686928E+02   2.234422E-01
  2.248334E+07   3.487430E+02   3.487430E+00   3.654201E+02   2.195073E-01
  2.258478E+07   3.453041E+02   3.453041E+00   3.621480E+02   2.156000E-01
  2.268668E+07   3.442791E+02   3.442791E+00   3.588767E+02   2.117211E-01
  2.278904E+07   3.445591E+02   3.445591E+00   3.556066E+02   2.078715E-01
  2.289186E+07   3.421187E+02   3.421187E+00   3.523380E+02   2.040522E-01
  2.299514E+07   3.405282E+02   3.405282E+00   3.490712E+02   2.002641E-01
  2.309889E+07   3.375943E+02   3.375943E+00   3.458064E+02   1.965080E-01
  2.320311E+07   3.365844E+02   3.365844E+00   3.425441E+02   1.927850E-01
  2.330779E+07   3.366395E+02   3.366395E+00   3.392845E+02   1.890960E-01
  2.341295E+07   3.351741E+02   3.351741E+00   3.360279E+02   1.854420E-01
  2.351859E+07   3.346363E+02   3.346363E+00   3.327747E+02   1.818240E-01
  2.362470E+07   3.318894E+02   3.318894E+00   3.295252E+02   1.782429E-01
  2.373129E+07   3.248090E+02   3.248090E+00   3.262797E+02   1.746999E-01
  2.383836E+07   3.166007E+02   3.166007E+00   3.230384E+02   1.711959E-01
  2.394591E+07   3.112066E+02   3.112066E+00   3.198019E+02   1.677321E-01
  2.405395E+07   3.081308E+02   3.081308E+00   3.165704E+02   1.643094E-01
  2.416248E+07   3.053572E+02   3.053572E+00   3.133441E+02   1.609290E-01
  2.427149E+07   3.045630E+02   3.045630E+00   3.101236E+02   1.575919E-01
  2.438100E+07   3.032864E+02   3.032864E+00   3.069090E+02   1.542994E-01
  2.449100E+07   3.027042E+02   3.027042E+00   3.037008E+02   1.510524E-01
  2.460150E+07   3.028198E+02   3.028198E+00   3.004993E+02   1.478522E-01
  2.471250E+07   3.014380E+02   3.014380E+00   2.973047E+02   1.447000E-01
  2.482399E+07   2.965174E+02   2.965174E+00   2.941176E+02   1.415969E-01
  2.493599E+07   2.939916E+02   2.939916E+00   2.909381E+02   1.385440E-01
  2.504850E+07   2.939762E+02   2.939762E+00   2.877667E+02   1.355427E-01
  2.516151E+07   2.897819E+02   2.897819E+00   2.846038E+02   1.325941E-01
  2.527504E+07   2.819732E+02   2.819732E+00   2.814495E+02   1.296993E-01
  2.538907E+07   2.754462E+02   2.754462E+00   2.783044E+02   1.268597E-01
  2.550362E+07   2.733191E+02   2.733191E+00   2.751687E+02   1.240765E-01
  2.561869E+07   2.707034E+02   2.707034E+00   2.720429E+02   1.213509E-01
  2.573427E+07   2.681893E+02   2.681893E+00   2.689272E+02   1.186841E-01
  2.585038E+07   2.693031E+02   2.693031E+00   2.658220E+02   1.160773E-01
  2.596701E+07   2.658844E+02   2.658844E+00   2.627277E+02   1.135317E-01
  2.608417E+07   2.641245E+02   2.641245E+00   2.596446E+02   1.110485E-01
  2.620186E+07   2.597201E+02   2.597201E+00   2.565731E+02   1.086289E-01
  2.632007E+07   2.585650E+02   2.585650E+00   2.535135E+02   1.062740E-01
  2.643882E+07   2.580607E+02   2.580607E+00   2.504662E+02   1.039848E-01
  2.655811E+07   2.544377E+02   2.544377E+00   2.474315E+02   1.017625E-01
  2.667793E+07   2.526000E+02   2.526000E+00   2.444098E+02   9.960799E-02
  2.679830E+07   2.488706E+02   2.488706E+00   2.414015E+02   9.752217E-02
  2.691921E+07   2.435529E+02   2.435529E+00   2.384068E+02   9.550592E-02
  2.704066E+07   2.397323E+02   2.397323E+00   2.354262E+02   9.355998E-02
  2.716266E+07   2.380700E+02   2.380700E+00   2.324600E+02   9.168502E-02
  2.728521E+07   2.373361E+02   2.373361E+00   2.295085E+02   8.988159E-02
  2.740832E+07   2.364661E+02   2.364661E+00   2.265721E+02   8.815008E-02
  2.753198E+07   2.328147E+02   2.328147E+00   2.236511E+02   8.649079E-02
  2.765620E+07   2.309771E+02   2.309771E+00   2.207459E+02   8.490386E-02
  2.778098E+07   2.281483E+02   2.281483E+00   2.178568E+02   8.338926E-02
  2.790632E+07   2.268275E+02   2.268275E+00   2.149842E+02   8.194680E-02
  2.803222E+07   2.251326E+02   2.251326E+00   2.121284E+02   8.057609E-02
  2.815870E+07   2.226482E+02   2.226482E+00   2.092897E+02   7.927656E-02
  2.828575E+07   2.193085E+02   2.193085E+00   2.064684E+02   7.804744E-02
  2.841336E+07   2.145916E+02   2.145916E+00   2.036649E+02   7.688777E-02
  2.854156E+07   2.102556E+02   2.102556E+00   2.008796E+02   7.579636E-02
  2.867033E+07   2.076941E+02   2.076941E+00   1.981127E+02   7.477183E-02
  2.879969E+07   2.052488E+02   2.052488E+00   1.953645E+02   7.381259E-02
  2.892962E+07   2.031366E+02   2.031366E+00   1.926355E+02   7.291684E-02
  2.906015E+07   1.996076E+02   1.996076E+00   1.899258E+02   7.208261E-02
  2.919126E+07   1.959819E+02   1.959819E+00   1.872358E+02   7.130771E-02
  2.932297E+07   1.929873E+02   1.929873E+00   1.845658E+02   7.058980E-02
  2.945526E+07   1.908962E+02   1.908962E+00   1.819161E+02   6.992639E-02
  2.958816E+07   1.881629E+02   1.881629E+00   1.792869E+02   6.931481E-02
  2.972166E+07   1.854090E+02   1.854090E+00   1.766787E+02   6.875232E-02
  2.985575E+07   1.810352E+02   1.810352E+00   1.740917E+02   6.823601E-02
  2.999046E+07   1.765744E+02   1.765744E+00   1.715261E+02   6.776294E-02
  3.012577E+07   1.749454E+02   1.749454E+00   1.689822E+02   6.733006E-02
  3.026169E+07   1.723119E+02   1.723119E+00   1.664603E+02   6.693431E-02
  3.039822E+07   1.701313E+02   1.701313E+00   1.639606E+02   6.657257E-02
  3.053537E+07   1.668976E+02   1.668976E+00   1.614835E+02   6.624173E-02
  3.067314E+07   1.635668E+02   1.635668E+00   1.590292E+02   6.593870E-02
  3.081153E+07   1.606300E+02   1.606300E+00   1.565978E+02   6.566038E-02
  3.095055E+07   1.587654E+02   1.587654E+00   1.541898E+02   6.540376E-02
  3.109019E+07   1.568645E+02   1.568645E+00   1.518052E+02   6.516585E-02
  3.123046E+07   1.533149E+02   1.533149E+00   1.494443E+02   6.494375E-02
  3.137136E+07   1.512143E+02   1.512143E+00   1.471073E+02   6.473464E-02
  3.151291E+07   1.468781E+02   1.468781E+00   1.447945E+02   6.453577E-02
  3.165508E+07   1.448816E+02   1.448816E+00   1.425060E+02   6.434452E-02
  3.179791E+07   1.427728E+02   1.427728E+00   1.402420E+02   6.415834E-02
  3.194137E+07   1.405587E+02   1.405587E+00   1.380028E+02   6.397483E-02
  3.208548E+07   1.374862E+02   1.374862E+00   1.357885E+02   6.379166E-02
  3.223025E+07   1.350072E+02   1.350072E+00   1.335992E+02   6.360666E-02
  3.237566E+07   1.332672E+02   1.332672E+00   1.314352E+02   6.341775E-02
  3.252173E+07   1.304953E+02   1.304953E+00   1.292965E+02   6.322298E-02
  3.266846E+07   1.281966E+02   1.281966E+00   1.271834E+02   6.302050E-02
  3.281586E+07   1.264702E+02   1.264702E+00   1.250960E+02   6.280862E-02
  3.296392E+07   1.236005E+02   1.236005E+00   1.230344E+02   6.258574E-02
  3.311264E+07   1.205712E+02   1.205712E+00   1.209986E+02   6.235036E-02
  3.326204E+07   1.189448E+02   1.189448E+00   1.189889E+02   6.210113E-02
  3.341211E+07   1.173831E+02   1.173831E+00   1.170053E+02   6.183679E-02
  3.356286E+07   1.154025E+02   1.154025E+00   1.150479E+02   6.155619E-02
  3.371429E+07   1.127783E+02   1.127783E+00   1.131168E+02   6.125829E-02
  3.386640E+07   1.108333E+02   1.108333E+00   1.112120E+02   6.094216E-02
  3.401920E+07   1.086308E+02   1.086308E+00   1.093336E+02   6.060696E-02
  3.417268E+07   1.064719E+02   1.064719E+00   1.074817E+02   6.025194E-02
  3.432686E+07   1.051707E+02   1.051707E+00   1.056562E+02   5.987646E-02
  3.448174E+07   1.035466E+02   1.035466E+00   1.038573E+02   5.947997E-02
  3.463731E+07   1.006342E+02   1.006342E+00   1.020849E+02   5.906199E-02
  3.479359E+07   9.918258E+01   9.918258E-01   1.003390E+02   5.862214E-02
  3.495057E+07   9.774186E+01   9.774186E-01   9.861969E+01   5.816012E-02
  3.510826E+07   9.560127E+01   9.560127E-01   9.692684E+01   5.767572E-02
  3.526666E+07   9.345014E+01   9.345014E-01   9.526045E+01   5.716877E-02
  3.542577E+07   9.133398E+01   9.133398E-01   9.362050E+01   5.663923E-02
  3.558561E+07   8.967793E+01   8.967793E-01   9.200692E+01   5.608707E-02
  3.574616E+07   8.885292E+01   8.885292E-01   9.041966E+01   5.551238E-02
  3.590744E+07   8.767497E+01   8.767497E-01   8.885863E+01   5.491529E-02
  3.606945E+07   8.527640E+01   8.527640E-01   8.732376E+01   5.429600E-02
  3.623218E+07   8.333387E+01   8.333387E-01   8.581492E+01   5.365478E-02
  3.639566E+07   8.219976E+01   8.219976E-01   8.433204E+01   5.299195E-02
  3.655987E+07   8.102821E+01   8.102821E-01   8.287497E+01   5.230790E-02
  3.672482E+07   7.961476E+01   7.961476E-01   8.144359E+01   5.160306E-02
  3.689051E+07   7.820759E+01   7.820759E-01   8.003775E+01   5.087795E-02
  3.705695E+07   7.692684E+01   7.692684E-01   7.865728E+01   5.013311E-02
  3.722414E+07   7.576253E+01   7.576253E-01   7.730204E+01   4.936915E-02
  3.739209E+07   7.439426E+01   7.439426E-01   7.597183E+01   4.858672E-02
  3.756080E+07   7.273429E+01   7.273429E-01   7.466646E+01   4.778654E-02
  3.773026E+07   7.073732E+01   7.073732E-01   7.338574E+01   4.696938E-02
  3.790049E+07   7.004368E+01   7.004368E-01   7.212944E+01   4.613603E-02
  3.807149E+07   6.907070E+01   6.907070E-01   7.089735E+01   4.528736E-02
  3.824326E+07   6.791633E+01   6.791633E-01   6.968923E+01   4.442429E-02
  3.841581E+07   6.660897E+01   6.660897E-01   6.850482E+01   4.354775E-02
  3.858913E+07   6.555068E+01   6.555068E-01   6.734388E+01   4.265878E-02
  3.876324E+07   6.459086E+01   6.459086E-01   6.620613E+01   4.175841E-02
  3.893813E+07   6.323456E+01   6.323456E-01   6.509131E+01   4.084777E-02
  3.911381E+07   6.230731E+01   6.230731E-01   6.399911E+01   3.992799E-02
  3.929028E+07   6.139575E+01   6.139575E-01   6.292924E+01   3.900029E-02
  3.946755E+07   6.057959E+01   6.057959E-01   6.188139E+01   3.806593E-02
  3.964562E+07   5.953722E+01   5.953722E-01   6.085524E+01   3.712623E-02
  3.982449E+07   5.814276E+01   5.814276E-01   5.985046E+01   3.618254E-02
  4.000417E+07   5.696772E+01   5.696772E-01   5.886672E+01   3.523631E-02
  4.018466E+07   5.603462E+01   5.603462E-01   5.790367E+01   3.428901E-02
  4.036596E+07   5.532913E+01   5.532913E-01   5.696096E+01   3.334221E-02
  4.054809E+07   5.441861E+01   5.441861E-01   5.603822E+01   3.239753E-02
  4.073103E+07   5.337234E+01   5.337234E-01   5.513509E+01   3.145665E-02
  4.091480E+07   5.224549E+01   5.224549E-01   5.425118E+01   3.052136E-02
  4.109940E+07   5.151678E+01   5.151678E-01   5.338610E+01   2.959349E-02
  4.128483E+07   5.077328E+01   5.077328E-01   5.253947E+01   2.867499E-02
  4.147110E+07   4.999180E+01   4.999180E-01   5.171089E+01   2.776789E-02
  4.165821E+07   4.927944E+01   4.927944E-01   5.089994E+01   2.687429E-02
  4.184616E+07   4.871937E+01   4.871937E-01   5.010621E+01   2.599643E-02
  4.203496E+07   4.808967E+01   4.808967E-01   4.932931E+01   2.513663E-02
  4.222461E+07   4.731075E+01   4.731075E-01   4.856878E+01   2.429731E-02
  4.241512E+07   4.622078E+01   4.622078E-01   4.782422E+01   2.348101E-02
  4.260649E+07   4.584143E+01   4.584143E-01   4.709518E+01   2.269037E-02
  4.279872E+07   4.530366E+01   4.530366E-01   4.638124E+01   2.192810E-02
  4.299182E+07   4.449832E+01   4.449832E-01   4.568195E+01   2.119701E-02
  4.318579E+07   4.379988E+01   4.379988E-01   4.499687E+01   2.049996E-02
  4.338063E+07   4.342437E+01   4.342437E-01   4.432557E+01   1.983981E-02
  4.357636E+07   4.302206E+01   4.302206E-01   4.366759E+01   1.921945E-02
  4.377296E+07   4.231301E+01   4.231301E-01   4.302249E+01   1.864164E-02
  4.397046E+07   4.164544E+01   4.164544E-01   4.238982E+01   1.810904E-02
  4.416884E+07   4.115303E+01   4.115303E-01   4.176913E+01   1.762406E-02
  4.436812E+07   4.060187E+01   4.060187E-01   4.115997E+01   1.718884E-02
  4.456830E+07   3.993397E+01   3.993397E-01   4.056191E+01   1.680508E-02
  4.476938E+07   3.945616E+01   3.945616E-01   3.997449E+01   1.647401E-02
  4.497137E+07   3.884803E+01   3.884803E-01   3.939727E+01   1.619626E-02
  4.517428E+07   3.846803E+01   3.846803E-01   3.882982E+01   1.597184E-02
  4.537809E+07   3.781979E+01   3.781979E-01   3.827168E+01   1.580005E-02
  4.558283E+07   3.729546E+01   3.729546E-01   3.772243E+01   1.567952E-02
  4.578849E+07   3.672552E+01   3.672552E-01   3.718164E+01   1.560820E-02
  4.599507E+07   3.625618E+01   3.625618E-01   3.664889E+01   1.558341E-02
  4.620259E+07   3.586653E+01   3.586653E-01   3.612374E+01   1.560197E-02
  4.641105E+07   3.537920E+01   3.537920E-01   3.560580E+01   1.566025E-02
  4.662045E+07   3.495394E+01   3.495394E-01   3.509464E+01   1.575433E-02
  4.683079E+07   3.448390E+01   3.448390E-01   3.458988E+01   1.588008E-02
  4.704208E+07   3.392098E+01   3.392098E-01   3.409111E+01   1.603329E-02
  4.725432E+07   3.351914E+01   3.351914E-01   3.359796E+01   1.620978E-02
  4.746752E+07   3.313969E+01   3.313969E-01   3.311005E+01   1.640543E-02
  4.768168E+07   3.264303E+01   3.264303E-01   3.262700E+01   1.661630E-02
  4.789682E+07   3.210449E+01   3.217156E-01   3.214847E+01   1.683864E-02
  4.811292E+07   3.167511E+01   3.200248E-01   3.167411E+01   1.706894E-02
  4.832999E+07   3.122624E+01   3.161619E-01   3.120358E+01   1.730394E-02
  4.854804E+07   3.071781E+01   3.088675E-01   3.073655E+01   1.754064E-02
  4.876708E+07   3.031612E+01   3.082599E-01   3.027272E+01   1.777629E-02
  4.898711E+07   3.006667E+01   3.023892E-01   2.981179E+01   1.800841E-02
  4.920813E+07   2.956412E+01   2.984304E-01   2.935346E+01   1.823475E-02
  4.943014E+07   2.920469E+01   3.004618E-01   2.889746E+01   1.845331E-02
  4.965316E+07   2.890922E+01   2.980092E-01   2.844353E+01   1.866229E-02
  4.987719E+07   2.856920E+01   2.955231E-01   2.799143E+01   1.886010E-02
  5.010222E+07   2.805090E+01   2.891620E-01   2.754093E+01   1.904536E-02
  5.032827E+07   2.770693E+01   2.880340E-01   2.709180E+01   1.921684E-02
  5.055534E+07   2.719403E+01   2.803081E-01   2.664385E+01   1.937350E-02
  5.078344E+07   2.669067E+01   2.800533E-01   2.619688E+01   1.951444E-02
  5.101256E+07   2.642032E+01   2.800710E-01   2.575073E+01   1.963891E-02
  5.124272E+07   2.604733E+01   2.773626E-01   2.530525E+01   1.974628E-02
  5.147391E+07   2.568568E+01   2.745069E-01   2.486029E+01   1.983607E-02
  5.170615E+07   2.513609E+01   2.698766E-01   2.441574E+01   1.990789E-02
  5.193944E+07   2.471930E+01   2.684745E-01   2.397149E+01   1.996147E-02
  5.217378E+07   2.421308E+01   2.611195E-01   2.352744E+01   1.999665E-02
  5.240917E+07   2.382273E+01   2.628359E-01   2.308354E+01   2.001334E-02
  5.264563E+07   2.344696E+01   2.597960E-01   2.263973E+01   2.001156E-02
  5.288316E+07   2.297308E+01   2.596717E-01   2.219596E+01   1.999142E-02
  5.312176E+07   2.234625E+01   2.529162E-01   2.175223E+01   1.995308E-02
  5.336143E+07   2.184814E+01   2.518710E-01   2.130852E+01   1.989682E-02
  5.360218E+07   2.143775E+01   2.463658E-01   2.086485E+01   1.982296E-02
  5.384403E+07   2.094852E+01   2.463486E-01   2.042126E+01   1.973189E-02
  5.408696E+07   2.055304E+01   2.448868E-01   1.997779E+01   1.962409E-02
  5.433099E+07   2.019511E+01   2.439715E-01   1.953450E+01   1.950007E-02
  5.457612E+07   1.977764E+01   2.393206E-01   1.909148E+01   1.936043E-02
  5.482235E+07   1.913031E+01   2.368229E-01   1.864882E+01   1.920581E-02
  5.506970E+07   1.876109E+01   2.334792E-01   1.820664E+01   1.903691E-02
  5.531816E+07   1.841534E+01   2.304582E-01   1.776507E+01   1.885447E-02
  5.556774E+07   1.799591E+01   2.292474E-01   1.732425E+01   1.865931E-02
  5.581845E+07   1.766294E+01   2.294011E-01   1.688433E+01   1.845226E-02
  5.607029E+07   1.719280E+01   2.252878E-01   1.644550E+01   1.823423E-02
  5.632327E+07   1.665380E+01   2.224027E-01   1.600793E+01   1.800616E-02
  5.657739E+07   1.611883E+01   2.207208E-01   1.557183E+01   1.776901E-02
  5.683265E+07   1.570346E+01   2.151766E-01   1.513741E+01   1.752382E-02
  5.708907E+07   1.523135E+01   2.159311E-01   1.470489E+01   1.727164E-02
  5.734664E+07   1.474273E+01   2.153283E-01   1.427451E+01   1.701354E-02
  5.760538E+07   1.426381E+01   2.131746E-01   1.384651E+01   1.675065E-02
  5.786528E+07   1.365513E+01   2.092060E-01   1.342116E+01   1.648412E-02
  5.812636E+07   1.318805E+01   2.062083E-01   1.299870E+01   1.621510E-02
  5.838861E+07   1.271636E+01   2.028602E-01   1.257943E+01   1.594478E-02
  5.865205E+07   1.226334E+01   2.031923E-01   1.216362E+01   1.567435E-02
  5.891667E+07   1.186439E+01   2.020823E-01   1.175155E+01   1.540503E-02
  5.918249E+07   1.143766E+01   1.998370E-01   1.134353E+01   1.513801E-02
  5.944951E+07   1.101154E+01   1.950360E-01   1.093984E+01   1.487449E-02
  5.971773E+07   1.069200E+01   1.941777E-01   1.054080E+01   1.461565E-02
  5.998717E+07   1.016699E+01   1.913629E-01   1.014670E+01   1.436267E-02
  6.025782E+07   9.731053E+00   1.904775E-01   9.757851E+00   1.411666E-02
  6.052968E+07   9.332993E+00   1.898656E-01   9.374565E+00   1.387870E-02
  6.080278E+07   8.928137E+00   1.851483E-01   8.997148E+00   1.364984E-02
  6.107711E+07   8.462886E+00   1.841961E-01   8.625903E+00   1.343101E-02
  6.135268E+07   8.059193E+00   1.802776E-01   8.261137E+00   1.322311E-02
  6.162949E+07   7.601085E+00   1.796582E-01   7.903153E+00   1.302691E-02
  6.190754E+07   7.276130E+00   1.798445E-01   7.552243E+00   1.284310E-02
  6.218686E+07   6.945226E+00   1.793002E-01   7.208702E+00   1.267224E-02
  6.246743E+07   6.468213E+00   1.737242E-01   6.872812E+00   1.251476E-02
  6.274927E+07   6.212925E+00   1.731660E-01   6.544853E+00   1.237095E-02
  6.303238E+07   5.836793E+00   1.699779E-01   6.225092E+00   1.224097E-02
  6.331677E+07   5.569077E+00   1.703366E-01   5.913790E+00   1.212483E-02
  6.360244E+07   5.255551E+00   1.697397E-01   5.611193E+00   1.202237E-02
  6.388940E+07   4.933540E+00   1.658641E-01   5.317540E+00   1.193331E-02
  6.417766E+07   4.551990E+00   1.647349E-01   5.033055E+00   1.185721E-02
  6.446721E+07   4.321457E+00   1.606637E-01   4.757949E+00   1.179351E-02
  6.475807E+07   4.033712E+00   1.617710E-01   4.492417E+00   1.174151E-02
  6.505025E+07   3.606163E+00   1.608198E-01   4.236643E+00   1.170040E-02
  6.534374E+07   3.391626E+00   1.587547E-01   3.990789E+00   1.166930E-02
  6.563856E+07   3.233069E+00   1.557835E-01   3.755005E+00   1.164721E-02
  6.593470E+07   3.046691E+00   1.533526E-01   3.529420E+00   1.163309E-02
  6.623219E+07   2.692165E+00   1.529588E-01   3.314147E+00   1.162585E-02
  6.653101E+07   2.485390E+00   1.529403E-01   3.109277E+00   1.162437E-02
  6.683118E+07   2.336876E+00   1.509681E-01   2.914884E+00   1.162749E-02
  6.713271E+07   2.174944E+00   1.467268E-01   2.731021E+00   1.163407E-02
  6.743560E+07   1.959976E+00   1.462792E-01   2.557718E+00   1.164298E-02
  6.773986E+07   1.759671E+00   1.442536E-01   2.394988E+00   1.165311E-02
  6.804548E+07   1.524924E+00   1.439383E-01   2.242818E+00   1.166336E-02
  6.835249E+07   1.404383E+00   1.429808E-01   2.101177E+00   1.167270E-02
  6.866088E+07   1.243118E+00   1.400642E-01   1.970010E+00   1.168012E-02
  6.897066E+07   1.211407E+00   1.392634E-01   1.849239E+00   1.168468E-02
  6.928184E+07   1.076038E+00   1.369428E-01   1.738766E+00   1.168547E-02
  6.959443E+07   1.042967E+00   1.374975E-01   1.638469E+00   1.168167E-02
  6.990842E+07   1.006605E+00   1.362991E-01   1.548206E+00   1.167249E-02
  7.022384E+07   9.280559E-01   1.332472E-01   1.467810E+00   1.165722E-02
  7.054067E+07   8.306287E-01   1.320139E-01   1.397095E+00   1.163520E-02
  7.085893E+07   8.233166E-01   1.316805E-01   1.335853E+00   1.160584E-02
  7.117863E+07   7.239462E-01   1.303951E-01   1.283855E+00   1.156861E-02
  7.149978E+07   6.535908E-01   1.292538E-01   1.240852E+00   1.152304E-02
  7.182237E+07   7.211618E-01   1.269889E-01   1.206574E+00   1.146871E-02
  7.214641E+07   7.865732E-01   1.248956E-01   1.180734E+00   1.140527E-02
  7.247192E+07   8.607716E-01   1.249006E-01   1.163025E+00   1.133243E-02
  7.279890E+07   9.068061E-01   1.241668E-01   1.153124E+00   1.124993E-02
  7.312735E+07   1.007138E+00   1.221058E-01   1.150690E+00   1.115761E-02
  7.345729E+07   1.099396E+00   1.214600E-01   1.155368E+00   1.105532E-02
  7.378871E+07   1.116608E+00   1.194301E-01   1.166788E+00   1.094297E-02
  7.412163E+07   1.137113E+00   1.188767E-01   1.184566E+00   1.082055E-02
  7.445605E+07   1.174482E+00   1.186706E-01   1.208308E+00   1.068806E-02
  7.479198E+07   1.152714E+00   1.158060E-01   1.237606E+00   1.054556E-02
  7.512942E+07   1.170656E+00   1.155757E-01   1.272047E+00   1.039317E-02
  7.546839E+07   1.289605E+00   1.139340E-01   1.311206E+00   1.023104E-02
  7.580889E+07   1.386071E+00   1.141149E-01   1.354652E+00   1.005937E-02
  7.615092E+07   1.490760E+00   1.124381E-01   1.401951E+00   9.878382E-03
  7.649450E+07   1.575973E+00   1.111431E-01   1.452665E+00   9.688368E-03
  7.683962E+07   1.634690E+00   1.093077E-01   1.506351E+00   9.489644E-03
  7.718631E+07   1.682050E+00   1.095423E-01   1.562568E+00   9.282564E-03
  7.753455E+07   1.772960E+00   1.086756E-01   1.620876E+00   9.067520E-03
  7.788437E+07   1.877424E+00   1.067149E-01   1.680838E+00   8.844939E-03
  7.823577E+07   2.001020E+00   1.060810E-01   1.742019E+00   8.615285E-03
  7.858875E+07   2.119291E+00   1.051426E-01   1.803993E+00   8.379052E-03
  7.894333E+07   2.248850E+00   1.046402E-01   1.866339E+00   8.136769E-03
  7.929950E+07   2.366293E+00   1.038751E-01   1.928647E+00   7.888995E-03
  7.965728E+07   2.462479E+00   1.027796E-01   1.990515E+00   7.636319E-03
  8.001668E+07   2.508904E+00   1.006553E-01   2.051555E+00   7.379361E-03
  8.037770E+07   2.589442E+00   1.007718E-01   2.111392E+00   7.118768E-03
  8.074034E+07   2.634906E+00   1.008240E-01   2.169667E+00   6.855219E-03
  8.110463E+07   2.702893E+00   9.898269E-02   2.226036E+00   6.589416E-03
  8.147055E+07   2.792947E+00   9.729637E-02   2.280173E+00   6.322094E-03
  8.183813E+07   2.881369E+00   9.741970E-02   2.331770E+00   6.054015E-03
  8.220737E+07   2.954117E+00   9.729249E-02   2.380539E+00   5.785969E-03
  8.257827E+07   3.072071E+00   9.529051E-02   2.426215E+00   5.518780E-03
  8.295084E+07   3.182114E+00   9.383173E-02   2.468553E+00   5.253304E-03
  8.332510E+07   3.263140E+00   9.384283E-02   2.507330E+00   4.990431E-03
  8.370104E+07   3.304205E+00   9.388234E-02   2.542348E+00   4.731095E-03
  8.407868E+07   3.320746E+00   9.225310E-02   2.573433E+00   4.476270E-03
  8.445803E+07   3.335230E+00   9.093090E-02   2.600435E+00   4.226982E-03
  8.483908E+07   3.362895E+00   9.062352E-02   2.623228E+00   3.984313E-03
  8.522186E+07   3.384143E+00   9.032185E-02   2.641713E+00   3.749406E-03
  8.560636E+07   3.428786E+00   8.875158E-02   2.655815E+00   3.523476E-03
  8.599260E+07   3.456121E+00   8.787563E-02   2.665484E+00   3.307809E-03
  8.638058E+07   3.454863E+00   8.696078E-02   2.670697E+00   3.103764E-03
  8.677031E+07   3.429821E+00   8.707126E-02   2.671454E+00   2.912768E-03
  8.716180E+07   3.405150E+00   8.550389E-02   2.667781E+00   2.736289E-03
  8.755505E+07   3.374147E+00   8.465418E-02   2.659725E+00   2.575800E-03
  8.795008E+07   3.342612E+00   8.416344E-02   2.647359E+00   2.432710E-03
  8.834689E+07   3.332666E+00   8.417360E-02   2.630778E+00   2.308269E-03
  8.874550E+07   3.309832E+00   8.313102E-02   2.610098E+00   2.203439E-03
  8.914590E+07   3.282498E+00   8.260627E-02   2.585454E+00   2.118757E-03
  8.954810E+07   3.189814E+00   8.307030E-02   2.557003E+00   2.054204E-03
  8.995212E+07   3.124694E+00   8.286009E-02   2.524918E+00   2.009123E-03
  9.035797E+07   3.067900E+00   8.258537E-02   2.489388E+00   1.982206E-03
  9.076564E+07   2.999296E+00   8.057392E-02   2.450620E+00   1.971573E-03
  9.117516E+07   2.962188E+00   8.111488E-02   2.408832E+00   1.974924E-03
  9.158652E+07   2.928706E+00   8.117238E-02   2.364253E+00   1.989722E-03
  9.199974E+07   2.881705E+00   8.055672E-02   2.317126E+00   2.013378E-03
  9.241482E+07   2.842116E+00   7.936301E-02   2.267700E+00   2.043402E-03
  9.283178E+07   2.800093E+00   7.935876E-02   2.216229E+00   2.077505E-03
  9.325061E+07   2.739518E+00   7.862675E-02   2.162975E+00   2.113659E-03
  9.367134E+07   2.693886E+00   7.807474E-02   2.108201E+00   2.150114E-03
  9.409396E+07   2.575381E+00   7.708659E-02   2.052173E+00   2.185402E-03
  9.451850E+07   2.480458E+00   7.768975E-02   1.995152E+00   2.218312E-03
  9.494494E+07   2.400120E+00   7.698053E-02   1.937402E+00   2.247868E-03
  9.537331E+07   2.317409E+00   7.533220E-02   1.879179E+00   2.273304E-03
  9.580362E+07   2.245599E+00   7.574090E-02   1.820734E+00   2.294034E-03
  9.623586E+07   2.201843E+00   7.484737E-02   1.762310E+00   2.309635E-03
  9.667006E+07   2.147616E+00   7.464172E-02   1.704139E+00   2.319824E-03
  9.710621E+07   2.056383E+00   7.343614E-02   1.646447E+00   2.324441E-03
  9.754433E+07   2.001003E+00   7.330930E-02   1.589441E+00   2.323438E-03
  9.798443E+07   1.936146E+00   7.290682E-02   1.533320E+00   2.316868E-03
  9.842652E+07   1.870419E+00   7.137557E-02   1.478265E+00   2.304877E-03
  9.887059E+07   1.795226E+00   7.154199E-02   1.424442E+00   2.287695E-03
  9.931668E+07   1.748368E+00   7.149527E-02   1.372000E+00   2.265637E-03
  9.976477E+07   1.673484E+00   7.085324E-02   1.321073E+00   2.239096E-03
  1.002149E+08   1.580316E+00   6.958476E-02   1.271772E+00   2.208541E-03
  1.006670E+08   1.504496E+00   6.974375E-02   1.224193E+00   2.174517E-03
  1.011212E+08   1.448667E+00   6.898160E-02   1.178414E+00   2.137641E-03
  1.015775E+08   1.407198E+00   6.744881E-02   1.134491E+00   2.098599E-03
  1.020358E+08   1.351649E+00   6.794765E-02   1.092463E+00   2.058146E-03
  1.024961E+08   1.305973E+00   6.729734E-02   1.052351E+00   2.017092E-03
  1.029586E+08   1.255958E+00   6.640156E-02   1.014157E+00   1.976303E-03
  1.034231E+08   1.219394E+00   6.622399E-02   9.778661E-01   1.936676E-03
  1.038897E+08   1.204881E+00   6.569649E-02   9.434457E-01   1.899122E-03
  1.043584E+08   1.162698E+00   6.540209E-02   9.108500E-01   1.864546E-03
  1.048293E+08   1.136449E+00   6.434724E-02   8.800149E-01   1.833802E-03
  1.053022E+08   1.071075E+00   6.445912E-02   8.508667E-01   1.807670E-03
  1.057773E+08   1.029529E+00   6.388366E-02   8.233164E-01   1.786799E-03
  1.062546E+08   1.010277E+00   6.259788E-02   7.972658E-01   1.771678E-03
  1.067340E+08   9.640641E-01   6.302815E-02   7.726086E-01   1.762595E-03
  1.072155E+08   9.361778E-01   6.208474E-02   7.492291E-01   1.759614E-03
  1.076993E+08   9.222366E-01   6.129847E-02   7.270067E-01   1.762562E-03
  1.081852E+08   9.101905E-01   6.140095E-02   7.058181E-01   1.771034E-03
  1.086733E+08   9.001506E-01   6.073874E-02   6.855358E-01   1.784418E-03
  1.091636E+08   8.854553E-01   6.007718E-02   6.660335E-01   1.801919E-03
  1.096561E+08   8.508485E-01   5.990467E-02   6.471857E-01   1.822607E-03
  1.101509E+08   8.318061E-01   5.947414E-02   6.288700E-01   1.845457E-03
  1.106478E+08   8.124723E-01   5.871210E-02   6.109699E-01   1.869391E-03
  1.111471E+08   8.052264E-01   5.821557E-02   5.933741E-01   1.893318E-03
  1.116485E+08   8.137169E-01   5.792589E-02   5.759804E-01   1.916164E-03
  1.121523E+08   8.029221E-01   5.754594E-02   5.586958E-01   1.936902E-03
  1.126583E+08   7.878279E-01   5.664293E-02   5.414389E-01   1.954567E-03
  1.131666E+08   7.674300E-01   5.682165E-02   5.241391E-01   1.968278E-03
  1.136772E+08   7.562976E-01   5.634675E-02   5.067395E-01   1.977247E-03
  1.141900E+08   7.595257E-01   5.542815E-02   4.891980E-01   1.980786E-03
  1.147052E+08   7.410281E-01   5.526523E-02   4.714853E-01   1.978316E-03
  1.152228E+08   7.059827E-01   5.514559E-02   4.535880E-01   1.969370E-03
  1.157426E+08   6.894731E-01   5.439840E-02   4.355082E-01   1.953600E-03
  1.162648E+08   6.634191E-01   5.418506E-02   4.172626E-01   1.930776E-03
  1.167894E+08   6.447600E-01   5.389282E-02   3.988828E-01   1.900791E-03
  1.173163E+08   6.159229E-01   5.322319E-02   3.804152E-01   1.863663E-03
  1.178456E+08   5.818752E-01   5.291490E-02   3.619200E-01   1.819536E-03
  1.183773E+08   5.591526E-01   5.225767E-02   3.434709E-01   1.768684E-03
  1.189114E+08   5.519039E-01   5.167587E-02   3.251527E-01   1.711510E-03
  1.194479E+08   5.372691E-01   5.138567E-02   3.070612E-01   1.648552E-03
  1.199868E+08   5.041226E-01   5.077561E-02   2.893020E-01   1.580486E-03
  1.205282E+08   4.640921E-01   5.039444E-02   2.719878E-01   1.508128E-03
  1.210720E+08   4.209054E-01   4.999306E-02   2.552370E-01   1.432441E-03
  1.216182E+08   3.885786E-01   4.913306E-02   2.391725E-01   1.354548E-03
  1.221670E+08   3.725881E-01   4.940159E-02   2.239189E-01   1.275728E-03
  1.227182E+08   3.564182E-01   4.903296E-02   2.096012E-01   1.197437E-03
  1.232718E+08   3.591614E-01   4.796216E-02   1.963419E-01   1.121302E-03
  1.238280E+08   3.301856E-01   4.809743E-02   1.842592E-01   1.049107E-03
  1.243867E+08   2.911500E-01   4.788244E-02   1.734654E-01   9.827682E-04
  1.249479E+08   2.381035E-01   4.684210E-02   1.640639E-01   9.242388E-04
  1.255116E+08   2.186141E-01   4.705591E-02   1.561482E-01   8.753654E-04
  1.260779E+08   2.147529E-01   4.645509E-02   1.497993E-01   8.376624E-04
  1.266467E+08   2.078468E-01   4.584336E-02   1.450844E-01   8.120499E-04
  1.272181E+08   1.871487E-01   4.549843E-02   1.420549E-01   7.986298E-04
  1.277921E+08   1.549491E-01   4.478314E-02   1.407453E-01   7.966046E-04
  1.283687E+08   1.432718E-01   4.475975E-02   1.411721E-01   8.043918E-04
  1.289479E+08   1.384765E-01   4.455679E-02   1.433328E-01   8.198969E-04
  1.295296E+08   1.321730E-01   4.364004E-02   1.472051E-01   8.408365E-04
  1.301141E+08   1.279207E-01   4.387497E-02   1.527466E-01   8.650145E-04
  1.307011E+08   1.217820E-01   4.343468E-02   1.598949E-01   8.904978E-04
  1.312908E+08   1.257505E-01   4.286466E-02   1.685674E-01   9.157011E-04
  1.318832E+08   1.285944E-01   4.285790E-02   1.786623E-01   9.394098E-04
  1.324782E+08   1.326851E-01   4.202040E-02   1.900586E-01   9.607596E-04
  1.330759E+08   1.402157E-01   4.225691E-02   2.026189E-01   9.792067E-04
  1.336763E+08   1.498752E-01   4.182673E-02   2.161885E-01   9.944839E-04
  1.342794E+08   1.499644E-01   4.108957E-02   2.305986E-01   1.006560E-03
  1.348853E+08   1.583004E-01   4.114623E-02   2.456686E-01   1.015599E-03
  1.354938E+08   1.602322E-01   4.051379E-02   2.612070E-01   1.021911E-03
  1.361052E+08   1.724867E-01   4.055266E-02   2.770139E-01   1.025913E-03
  1.367192E+08   1.789827E-01   4.035046E-02   2.928851E-01   1.028078E-03
  1.373361E+08   1.929505E-01   3.970754E-02   3.086129E-01   1.028889E-03
  1.379557E+08   2.097880E-01   3.988291E-02   3.239900E-01   1.028789E-03
  1.385781E+08   2.345870E-01   3.920142E-02   3.388117E-01   1.028138E-03
  1.392034E+08   2.564627E-01   3.908014E-02   3.528798E-01   1.027177E-03
  1.398314E+08   2.846512E-01   3.887594E-02   3.660037E-01   1.025997E-03
  1.404623E+08   3.015558E-01   3.820944E-02   3.780050E-01   1.024527E-03
  1.410960E+08   3.260299E-01   3.832688E-02   3.887187E-01   1.022536E-03
  1.417326E+08   3.382493E-01   3.773668E-02   3.979961E-01   1.019646E-03
  1.423721E+08   3.590591E-01   3.787684E-02   4.057076E-01   1.015364E-03
  1.430145E+08   3.714401E-01   3.765968E-02   4.117433E-01   1.009119E-03
  1.436597E+08   3.796593E-01   3.712798E-02   4.160163E-01   1.000303E-03
  1.443079E+08   3.944155E-01   3.712685E-02   4.184626E-01   9.883203E-04
  1.449590E+08   4.157982E-01   3.637132E-02   4.190429E-01   9.726280E-04
  1.456130E+08   4.326819E-01   3.672108E-02   4.177429E-01   9.527780E-04
  1.462700E+08   4.413121E-01   3.617340E-02   4.145737E-01   9.284557E-04
  1.469299E+08   4.361733E-01   3.613831E-02   4.095712E-01   8.995104E-04
  1.475928E+08   4.373577E-01   3.583336E-02   4.027960E-01   8.659881E-04
  1.482587E+08   4.400722E-01   3.532674E-02   3.943318E-01   8.281581E-04
  1.489276E+08   4.461840E-01   3.526207E-02   3.842846E-01   7.865457E-04
  1.495996E+08   4.411209E-01   3.451855E-02   3.727804E-01   7.419616E-04
  1.502745E+08   4.407648E-01   3.474039E-02   3.599633E-01   6.955402E-04
  1.509525E+08   4.255191E-01   3.406543E-02   3.459930E-01   6.487767E-04
  1.516336E+08   4.231026E-01   3.422960E-02   3.310425E-01   6.035602E-04
  1.523177E+08   4.135821E-01   3.373358E-02   3.152940E-01   5.621640E-04
  1.530049E+08   4.067921E-01   3.346562E-02   2.989375E-01   5.271506E-04
  1.536953E+08   3.923769E-01   3.340420E-02   2.821657E-01   5.010935E-04
  1.543887E+08   3.713052E-01   3.262401E-02   2.651729E-01   4.860845E-04
  1.550853E+08   3.536179E-01   3.272706E-02   2.481499E-01   4.831266E-04
  1.557850E+08   3.346246E-01   3.195160E-02   2.312809E-01   4.917429E-04
  1.564878E+08   3.147125E-01   3.219865E-02   2.147427E-01   5.100799E-04
  1.571939E+08   2.976551E-01   3.149711E-02   1.986985E-01   5.354502E-04
  1.579031E+08   2.758519E-01   3.164693E-02   1.832981E-01   5.649601E-04
  1.586155E+08   2.493043E-01   3.099558E-02   1.686744E-01   5.959529E-04
  1.593312E+08   2.251563E-01   3.107826E-02   1.549412E-01   6.262191E-04
  1.600500E+08   2.102470E-01   3.059188E-02   1.421926E-01   6.540441E-04
  1.607722E+08   1.966609E-01   3.044109E-02   1.305013E-01   6.781851E-04
  1.614975E+08   1.830562E-01   3.020056E-02   1.199181E-01   6.978257E-04
  1.622262E+08   1.669749E-01   2.970547E-02   1.104714E-01   7.125281E-04
  1.629581E+08   1.498614E-01   2.954411E-02   1.021685E-01   7.221887E-04
  1.636933E+08   1.379770E-01   2.906638E-02   9.499495E-02   7.269994E-04
  1.644319E+08   1.239003E-01   2.908559E-02   8.891713E-02   7.274050E-04
  1.651738E+08   1.217935E-01   2.848622E-02   8.388276E-02   7.240568E-04
  1.659190E+08   1.144550E-01   2.864956E-02   7.982363E-02   7.177569E-04
  1.666676E+08   9.985084E-02   2.788066E-02   7.665769E-02   7.093905E-04
  1.674195E+08   8.209100E-02   2.808419E-02   7.429156E-02   6.998464E-04
  1.681749E+08   8.018756E-02   2.741183E-02   7.262349E-02   6.899286E-04
  1.689337E+08   7.886133E-02   2.769521E-02   7.154620E-02   6.802681E-04
  1.696959E+08   7.854143E-02   2.694328E-02   7.094993E-02   6.712462E-04
  1.704615E+08   7.330021E-02   2.720717E-02   7.072543E-02   6.629444E-04
  1.712306E+08   7.578359E-02   2.655240E-02   7.076684E-02   6.551330E-04
  1.720031E+08   7.739452E-02   2.677752E-02   7.097442E-02   6.473014E-04
  1.727792E+08   7.445978E-02   2.614845E-02   7.125703E-02   6.387251E-04
  1.735587E+08   7.840955E-02   2.641214E-02   7.153430E-02   6.285581E-04
  1.743418E+08   8.231737E-02   2.579263E-02   7.173845E-02   6.159331E-04
  1.751284E+08   7.825101E-02   2.603967E-02   7.181564E-02   6.000596E-04
  1.759185E+08   8.002478E-02   2.548579E-02   7.172693E-02   5.803085E-04
  1.767122E+08   8.312372E-02   2.573332E-02   7.144872E-02   5.562840E-04
  1.775095E+08   8.993707E-02   2.502353E-02   7.097269E-02   5.278827E-04
  1.783104E+08   9.010358E-02   2.518590E-02   7.030527E-02   4.953466E-04
  1.791149E+08   8.958508E-02   2.472132E-02   6.946664E-02   4.593167E-04
  1.799230E+08   8.931799E-02   2.487821E-02   6.848923E-02   4.209011E-04
  1.807348E+08   9.065512E-02   2.451473E-02   6.741588E-02   3.817592E-04
  1.815502E+08   8.829990E-02   2.442915E-02   6.629767E-02   3.442060E-04
  1.823693E+08   9.290011E-02   2.420208E-02   6.519136E-02   3.112609E-04
  1.831921E+08   9.312782E-02   2.396152E-02   6.415684E-02   2.864545E-04
  1.840187E+08   8.985166E-02   2.392488E-02   6.325427E-02   2.730404E-04
  1.848489E+08   8.966758E-02   2.345431E-02   6.254130E-02   2.725897E-04
  1.856829E+08   8.758951E-02   2.364397E-02   6.207039E-02   2.839552E-04
  1.865207E+08   8.564158E-02   2.309979E-02   6.188631E-02   3.037710E-04
  1.873622E+08   8.213580E-02   2.323334E-02   6.202380E-02   3.279592E-04
  1.882076E+08   7.703007E-02   2.257800E-02   6.250569E-02   3.528827E-04
  1.890567E+08   7.074911E-02   2.281917E-02   6.334140E-02   3.757494E-04
  1.899097E+08   6.513512E-02   2.234215E-02   6.452591E-02   3.946015E-04
  1.907665E+08   6.055025E-02   2.242086E-02   6.603928E-02   4.081965E-04
  1.916272E+08   6.537080E-02   2.221076E-02   6.784672E-02   4.159019E-04
  1.924918E+08   7.299037E-02   2.196860E-02   6.989916E-02   4.176251E-04
  1.933603E+08   6.987728E-02   2.208313E-02   7.213453E-02   4.137717E-04
  1.942327E+08   6.862585E-02   2.156360E-02   7.447940E-02   4.052157E-04
  1.951090E+08   7.018417E-02   2.171877E-02   7.685119E-02   3.932672E-04
  1.959893E+08   7.021595E-02   2.114351E-02   7.916084E-02   3.796123E-04
  1.968736E+08   7.213934E-02   2.132139E-02   8.131564E-02   3.661922E-04
  1.977618E+08   7.270267E-02   2.111007E-02   8.322249E-02   3.549820E-04
  1.986541E+08   7.380709E-02   2.094982E-02   8.479113E-02   3.476558E-04
  1.995503E+08   7.907371E-02   2.100684E-02   8.593749E-02   3.451989E-04
  2.004507E+08   8.298308E-02   2.048660E-02   8.658685E-02   3.476266E-04
  2.013551E+08   9.066521E-02   2.064747E-02   8.667678E-02   3.539689E-04
  2.022635E+08   1.005766E-01   2.021612E-02   8.615978E-02   3.625362E-04
  2.031761E+08   1.061412E-01   2.033189E-02   8.500537E-02   3.713192E-04
  2.040928E+08   1.096926E-01   2.031587E-02   8.320177E-02   3.783492E-04
  2.050136E+08   1.076317E-01   1.989795E-02   8.075673E-02   3.819410E-04
  2.059386E+08   1.113071E-01   2.010219E-02   7.769807E-02   3.808229E-04
  2.068677E+08   1.142191E-01   1.955762E-02   7.407302E-02   3.741947E-04
  2.078011E+08   1.144990E-01   1.963247E-02   6.994728E-02   3.617481E-04
  2.087386E+08   1.175905E-01   1.965433E-02   6.540312E-02   3.436742E-04
  2.096804E+08   1.170307E-01   1.925553E-02   6.053714E-02   3.206723E-04
  2.106264E+08   1.151036E-01   1.942741E-02   5.545700E-02   2.939711E-04
  2.115767E+08   1.161679E-01   1.896935E-02   5.027816E-02   2.653708E-04
  2.125313E+08   1.075285E-01   1.893403E-02   4.512003E-02   2.372937E-04
  2.134902E+08   9.670754E-02   1.911185E-02   4.010204E-02   2.127628E-04
  2.144534E+08   9.314177E-02   1.893626E-02   3.533946E-02   1.950584E-04
  2.154210E+08   8.905049E-02   1.899134E-02   3.093955E-02   1.867121E-04
  2.163929E+08   8.545589E-02   1.903066E-02   2.699789E-02   1.880958E-04
  2.173693E+08   8.469591E-02   1.890507E-02   2.359495E-02   1.969931E-04
  2.183500E+08   7.713397E-02   1.898719E-02   2.079348E-02   2.098056E-04
  2.193351E+08   6.584553E-02   1.885916E-02   1.863625E-02   2.230698E-04
  2.203247E+08   5.661570E-02   1.870632E-02   1.714480E-02   2.341887E-04
  2.213188E+08   4.933235E-02   1.873410E-02   1.631879E-02   2.415297E-04
  2.223173E+08   4.148320E-02   1.851812E-02   1.613632E-02   2.443111E-04
  2.233204E+08   3.232884E-02   1.844582E-02   1.655500E-02   2.424790E-04
  2.243279E+08   2.684578E-02   1.846125E-02   1.751385E-02   2.366130E-04
  2.253401E+08   2.477933E-02   1.828446E-02   1.893593E-02   2.278465E-04
  2.263567E+08   2.253989E-02   1.826672E-02   2.073154E-02   2.177628E-04
  2.273780E+08   1.962903E-02   1.831427E-02   2.280195E-02   2.082089E-04
  2.284039E+08   1.293337E-02   1.810910E-02   2.504339E-02   2.009661E-04
  2.294344E+08   1.091089E-02   1.816175E-02   2.735127E-02   1.972825E-04
  2.304696E+08   1.427950E-02   1.820883E-02   2.962427E-02   1.974448E-04
  2.315094E+08   1.493847E-02   1.800524E-02   3.176830E-02   2.006743E-04
  2.325539E+08   1.534625E-02   1.796480E-02   3.370003E-02   2.054505E-04
  2.336031E+08   1.638773E-02   1.799896E-02   3.534985E-02   2.100431E-04
  2.346571E+08   2.218042E-02   1.780047E-02   3.666421E-02   2.129723E-04
  2.357158E+08   2.010901E-02   1.778418E-02   3.760709E-02   2.132905E-04
  2.367793E+08   1.934245E-02   1.784096E-02   3.816068E-02   2.107247E-04
  2.378476E+08   2.275395E-02   1.773586E-02   3.832520E-02   2.057390E-04
  2.389207E+08   2.498757E-02   1.745376E-02   3.811779E-02   1.995332E-04
  2.399987E+08   2.647645E-02   1.751771E-02   3.757067E-02   1.939274E-04
  2.410815E+08   3.243655E-02   1.722205E-02   3.672860E-02   1.910196E-04
  2.421692E+08   3.727333E-02   1.681089E-02   3.564578E-02   1.925438E-04
  2.432618E+08   3.975289E-02   1.692456E-02   3.438234E-02   1.991361E-04
  2.443594E+08   3.820038E-02   1.679934E-02   3.300074E-02   2.099974E-04
  2.454619E+08   3.847483E-02   1.636805E-02   3.156200E-02   2.232095E-04
  2.465694E+08   3.721472E-02   1.625344E-02   3.012236E-02   2.363843E-04
  2.476818E+08   4.160998E-02   1.633775E-02   2.873020E-02   2.472140E-04
  2.487993E+08   4.251375E-02   1.611970E-02   2.742349E-02   2.537818E-04
  2.499218E+08   4.332271E-02   1.579559E-02   2.622818E-02   2.547004E-04
  2.510494E+08   4.162759E-02   1.574159E-02   2.515713E-02   2.491728E-04
  2.521821E+08   3.630598E-02   1.580733E-02   2.421007E-02   2.370284E-04
  2.533199E+08   3.382485E-02   1.551048E-02   2.337441E-02   2.187661E-04
  2.544628E+08   3.376310E-02   1.530287E-02   2.262680E-02   1.956356E-04
  2.556109E+08   3.205121E-02   1.535193E-02   2.193543E-02   1.698094E-04
  2.567642E+08   3.176494E-02   1.534198E-02   2.126298E-02   1.447110E-04
  2.579226E+08   3.333186E-02   1.505434E-02   2.056977E-02   1.253343E-04
  2.590863E+08   3.557314E-02   1.483144E-02   1.981729E-02   1.173043E-04
  2.602552E+08   3.627721E-02   1.494040E-02   1.897154E-02   1.229104E-04
  2.614295E+08   3.376889E-02   1.494071E-02   1.800611E-02   1.383966E-04
  2.626090E+08   3.212016E-02   1.458726E-02   1.690479E-02   1.575704E-04
  2.637938E+08   3.178537E-02   1.442980E-02   1.566356E-02   1.755178E-04
  2.649840E+08   3.268991E-02   1.447384E-02   1.429157E-02   1.891589E-04
  2.661795E+08   3.666921E-02   1.452687E-02   1.281140E-02   1.967788E-04
  2.673805E+08   3.727434E-02   1.431536E-02   1.125827E-02   1.976512E-04
  2.685868E+08   3.844502E-02   1.406699E-02   9.678268E-03   1.918350E-04
  2.697986E+08   3.584230E-02   1.400954E-02   8.125854E-03   1.800673E-04
  2.710159E+08   3.436594E-02   1.409816E-02   6.660604E-03   1.637034E-04
  2.722387E+08   3.634790E-02   1.403909E-02   5.343419E-03   1.446853E-04
  2.734670E+08   3.569354E-02   1.383774E-02   4.232597E-03   1.255203E-04
  2.747008E+08   3.311988E-02   1.367894E-02   3.379795E-03   1.091583E-04
  2.759402E+08   3.223414E-02   1.354369E-02   2.826360E-03   9.842652E-05
  2.771852E+08   2.956449E-02   1.365136E-02   2.600178E-03   9.468810E-05
  2.784358E+08   2.456427E-02   1.357223E-02   2.713290E-03   9.674618E-05
  2.796920E+08   2.389730E-02   1.339353E-02   3.160483E-03   1.017627E-04
  2.809539E+08   2.010448E-02   1.319601E-02   3.918962E-03   1.071849E-04
  2.822215E+08   1.430073E-02   1.308730E-02   4.949157E-03   1.117135E-04
  2.834948E+08   1.380162E-02   1.307893E-02   6.196649E-03   1.153172E-04
  2.847739E+08   1.064983E-02   1.313295E-02   7.595101E-03   1.188673E-04
  2.860587E+08   8.589202E-03   1.297966E-02   9.069996E-03   1.235792E-04
  2.873494E+08   7.084968E-03   1.278982E-02   1.054300E-02   1.303334E-04
  2.886458E+08   5.223474E-03   1.262647E-02   1.193662E-02   1.391469E-04
  2.899481E+08   2.246481E-03   1.257856E-02   1.317881E-02   1.490939E-04
  2.912563E+08   4.784240E-04   1.256495E-02   1.420729E-02   1.586527E-04
  2.925704E+08   2.860016E-03   1.260393E-02   1.497316E-02   1.661806E-04
  2.938904E+08   4.990878E-03   1.254062E-02   1.544370E-02   1.702963E-04
  2.952164E+08   7.236907E-03   1.243086E-02   1.560402E-02   1.701296E-04
  2.965483E+08   9.718767E-03   1.231800E-02   1.545742E-02   1.654781E-04
  2.978863E+08   1.333337E-02   1.219318E-02   1.502464E-02   1.569147E-04
  2.992303E+08   1.463126E-02   1.214261E-02   1.434182E-02   1.458580E-04
  3.005804E+08   1.612794E-02   1.213697E-02   1.345742E-02   1.345561E-04
  3.019365E+08   1.911135E-02   1.216623E-02   1.242838E-02   1.257926E-04
  3.032988E+08   1.761599E-02   1.213286E-02   1.131579E-02   1.219929E-04
  3.046672E+08   1.992206E-02   1.207413E-02   1.018031E-02   1.238796E-04
  3.060418E+08   2.063859E-02   1.198658E-02   9.077891E-03   1.299079E-04
  3.074226E+08   2.077535E-02   1.189613E-02   8.055960E-03   1.372258E-04
  3.088096E+08   2.282297E-02   1.180734E-02   7.150454E-03   1.430474E-04
  3.102029E+08   2.364158E-02   1.170938E-02   6.383919E-03   1.454026E-04
  3.116024E+08   2.443499E-02   1.162717E-02   5.764802E-03   1.433408E-04
  3.130083E+08   2.421470E-02   1.160342E-02   5.287981E-03   1.369308E-04
  3.144206E+08   2.273173E-02   1.158160E-02   4.936441E-03   1.272160E-04
  3.158391E+08   1.792832E-02   1.157896E-02   4.683971E-03   1.161327E-04
  3.172642E+08   1.576660E-02   1.156471E-02   4.498556E-03   1.062529E-04
  3.186956E+08   1.763303E-02   1.153431E-02   4.346201E-03   1.000520E-04
  3.201335E+08   1.699550E-02   1.168426E-02   4.194766E-03   9.862196E-05
  3.215778E+08   1.313812E-02   1.170330E-02   4.017476E-03   1.008341E-04
  3.230287E+08   1.422648E-02   1.172447E-02   3.795753E-03   1.040756E-04
  3.244862E+08   1.233357E-02   1.170235E-02   3.521105E-03   1.057258E-04
  3.259502E+08   1.258145E-02   1.171131E-02   3.195880E-03   1.040633E-04
  3.274208E+08   1.164284E-02   1.177032E-02   2.832799E-03   9.854067E-05
  3.288980E+08   1.202744E-02   1.174869E-02   2.453346E-03   8.983625E-05
  3.303820E+08   1.037331E-02   1.158541E-02   2.085153E-03   7.989678E-05
  3.318726E+08   9.578128E-03   1.134071E-02   1.758665E-03   7.184202E-05
  3.333699E+08   1.180931E-02   1.125568E-02   1.503407E-03   6.895394E-05
  3.348740E+08   1.352736E-02   1.115143E-02   1.344295E-03   7.221383E-05
  3.363849E+08   1.116827E-02   1.099478E-02   1.298341E-03   7.919044E-05
  3.379026E+08   9.417093E-03   1.089980E-02   1.372151E-03   8.621960E-05
  3.394271E+08   1.082246E-02   1.083697E-02   1.560496E-03   9.046270E-05
  3.409585E+08   9.977087E-03   1.068829E-02   1.846143E-03   9.040626E-05
  3.424968E+08   9.731627E-03   1.061508E-02   2.200993E-03   8.581641E-05
  3.440421E+08   7.154331E-03   1.058288E-02   2.588452E-03   7.772521E-05
  3.455944E+08   7.813262E-03   1.050737E-02   2.966809E-03   6.854175E-05
  3.471536E+08   5.752468E-03   1.048530E-02   3.293286E-03   6.199473E-05
  3.487199E+08   3.300966E-03   1.041417E-02   3.528337E-03   6.163614E-05
  3.502932E+08   3.435404E-03   1.033465E-02   3.639759E-03   6.763368E-05
  3.518737E+08   2.126162E-03   1.029235E-02   3.606133E-03   7.659545E-05
  3.534613E+08   3.711306E-03   1.024724E-02   3.419239E-03   8.478107E-05
  3.550560E+08   5.545105E-03   1.021886E-02   3.085141E-03   8.977325E-05
  3.566579E+08   4.940128E-03   1.015468E-02   2.623804E-03   9.055816E-05
  3.582671E+08   4.752647E-03   1.028351E-02   2.067259E-03   8.734559E-05
  3.598835E+08   6.913453E-03   1.041938E-02   1.456466E-03   8.143380E-05
  3.615072E+08   7.391395E-03   1.048269E-02   8.372423E-04   7.501045E-05
  3.631383E+08   8.707768E-03   1.051804E-02   2.556584E-04   7.057829E-05
  3.647767E+08   1.021229E-02   1.052841E-02  -2.466031E-04   6.971753E-05
  3.664225E+08   1.132744E-02   1.038154E-02  -6.363781E-04   7.195714E-05
  3.680757E+08   1.249863E-02   1.030421E-02  -8.922142E-04   7.525246E-05
  3.697364E+08   1.299455E-02   1.023287E-02  -1.006246E-03   7.751790E-05
  3.714045E+08   1.202315E-02   1.011909E-02  -9.845625E-04   7.762585E-05
  3.730802E+08   1.077448E-02   9.994786E-03  -8.460182E-04   7.565412E-05
  3.747635E+08   9.815153E-03   9.873814E-03  -6.196575E-04   7.273047E-05
  3.764543E+08   9.996920E-03   9.757177E-03  -3.410527E-04   7.051761E-05
  3.781528E+08   9.066658E-03   9.705914E-03  -4.804085E-05   7.026213E-05
  3.798590E+08   8.588946E-03   9.647070E-03   2.236703E-04   7.186975E-05
  3.815728E+08   6.119893E-03   9.659985E-03   4.444123E-04   7.393600E-05
  3.832944E+08   4.260823E-03   9.590881E-03   5.935792E-04   7.470654E-05
  3.850237E+08   2.873921E-03   9.532503E-03   6.613489E-04   7.303865E-05
  3.867608E+08   3.885703E-03   9.484242E-03   6.489357E-04   6.894717E-05
  3.885058E+08   5.541463E-03   9.419705E-03   5.673762E-04   6.383802E-05
  3.902587E+08   3.381222E-03   9.284631E-03   4.350473E-04   6.031065E-05
  3.920195E+08   3.294782E-03   9.235580E-03   2.742897E-04   6.082958E-05
  3.937882E+08   3.122370E-03   9.219865E-03   1.076405E-04   6.550362E-05
  3.955648E+08   4.111221E-03   9.197649E-03  -4.579518E-05   7.180518E-05
  3.973495E+08   3.959982E-03   9.245490E-03  -1.732759E-04   7.655480E-05
  3.991423E+08   4.951965E-03   9.356309E-03  -2.702600E-04   7.737724E-05
  4.009431E+08   4.009009E-03   9.436788E-03  -3.408578E-04   7.309276E-05
  4.027521E+08   4.666902E-03   9.468736E-03  -3.968450E-04   6.374891E-05
  4.045692E+08   4.429045E-03   9.517763E-03  -4.553878E-04   5.066841E-05
  4.063946E+08   5.882793E-03   9.420058E-03  -5.358307E-04   3.686117E-05
  4.082281E+08   5.942550E-03   9.327521E-03  -6.560453E-04   2.833696E-05
  4.100700E+08   4.819955E-03   9.201569E-03  -8.289193E-04   3.106650E-05
  4.119201E+08   4.428515E-03   9.069364E-03  -1.059546E-03   4.005452E-05
  4.137786E+08   2.831536E-03   8.960638E-03  -1.343599E-03   4.813638E-05
  4.156455E+08   4.522810E-03   8.929929E-03  -1.667158E-03   5.242789E-05
  4.175208E+08   4.523094E-03   8.888140E-03  -2.008110E-03   5.252546E-05
  4.194045E+08   2.476916E-03   8.808474E-03  -2.338890E-03   4.957106E-05
  4.212968E+08   3.522918E-03   8.730502E-03  -2.630228E-03   4.582288E-05
  4.231976E+08   5.061672E-03   8.676422E-03  -2.855325E-03   4.379314E-05
  4.251070E+08   4.935710E-03   8.665347E-03  -2.993795E-03   4.455584E-05
  4.270250E+08   6.159096E-03   8.635309E-03  -3.034795E-03   4.687601E-05
  4.289516E+08   4.695590E-03   8.564509E-03  -2.978797E-03   4.865357E-05
  4.308869E+08   5.369952E-03   8.528229E-03  -2.837722E-03   4.864622E-05
  4.328310E+08   5.405941E-03   8.530209E-03  -2.633382E-03   4.708807E-05
  4.347838E+08   5.429489E-03   8.626924E-03  -2.394461E-03   4.553897E-05
  4.367455E+08   6.623220E-03   8.755002E-03  -2.152477E-03   4.592852E-05
  4.387160E+08   4.926312E-03   8.823619E-03  -1.937391E-03   4.887202E-05
  4.406954E+08   5.150527E-03   8.831368E-03  -1.773516E-03   5.302145E-05
  4.426837E+08   3.374193E-03   8.849770E-03  -1.676412E-03   5.632185E-05
  4.446810E+08   2.546267E-03   8.754989E-03  -1.651227E-03   5.737232E-05
  4.466873E+08   2.887899E-03   8.575931E-03  -1.692746E-03   5.596504E-05
  4.487026E+08   1.924181E-03   8.451897E-03  -1.787087E-03   5.307895E-05
  4.507271E+08   3.289022E-04   8.332261E-03  -1.914726E-03   5.040952E-05
  4.527607E+08   1.842501E-03   8.239483E-03  -2.054287E-03   4.928927E-05
  4.548034E+08   1.883219E-03   8.172978E-03  -2.186412E-03   4.954844E-05
  4.568554E+08   2.090976E-03   8.096094E-03  -2.297020E-03   4.965427E-05
  4.589166E+08   2.771103E-03   8.052961E-03  -2.379378E-03   4.802122E-05
  4.609872E+08   2.548664E-03   8.018769E-03  -2.434634E-03   4.412167E-05
  4.630670E+08   3.289119E-03   7.987191E-03  -2.470763E-03   3.897762E-05
  4.651563E+08   3.776093E-03   7.998228E-03  -2.500183E-03   3.507790E-05
  4.672550E+08   2.756299E-03   7.967634E-03  -2.536531E-03   3.482257E-05
  4.693631E+08   2.823515E-03   7.935176E-03  -2.591288E-03   3.768221E-05
  4.714808E+08   3.669209E-03   7.877882E-03  -2.670952E-03   4.063605E-05
  4.736080E+08   3.529482E-03   7.846222E-03  -2.775336E-03   4.108167E-05
  4.757448E+08   2.531448E-03   7.773204E-03  -2.897367E-03   3.804844E-05
  4.778913E+08   2.791051E-03   7.746402E-03  -3.024430E-03   3.233980E-05
  4.800474E+08   2.750633E-03   7.721362E-03  -3.140984E-03   2.665083E-05
  4.822133E+08   3.001994E-03   7.688542E-03  -3.231917E-03   2.485586E-05
  4.843889E+08   2.742534E-03   7.639639E-03  -3.285916E-03   2.774397E-05
  4.865744E+08   1.590051E-03   7.585428E-03  -3.298130E-03   3.160759E-05
  4.887697E+08   2.816420E-03   7.530081E-03  -3.271537E-03   3.320079E-05
  4.909749E+08   3.254865E-03   7.474818E-03  -3.216681E-03   3.151433E-05
  4.931901E+08   2.919095E-03   7.437806E-03  -3.149792E-03   2.757421E-05
  4.954153E+08   3.506140E-03   7.404123E-03  -3.089665E-03   2.426020E-05
  4.976505E+08   2.171774E-03   7.388372E-03  -3.053912E-03   2.467572E-05
  4.998958E+08   1.213081E-03   7.358228E-03  -3.055400E-03   2.825860E-05
  5.021512E+08   1.978542E-03   7.339376E-03  -3.099619E-03   3.173126E-05
  5.044168E+08   1.572379E-03   7.303040E-03  -3.183563E-03   3.287603E-05
  5.066926E+08   1.607148E-03   7.265486E-03  -3.296372E-03   3.137738E-05
  5.089787E+08   3.055096E-04   7.215187E-03  -3.421603E-03   2.859413E-05
  5.112751E+08   1.610515E-03   7.166427E-03  -3.540647E-03   2.693219E-05
  5.135818E+08   7.631027E-04   7.136746E-03  -3.636545E-03   2.797440E-05
  5.158990E+08   1.102633E-03   7.103240E-03  -3.697357E-03   3.079741E-05
  5.182266E+08   1.163936E-03   7.077680E-03  -3.718370E-03   3.346342E-05
  5.205648E+08   2.167585E-03   7.061034E-03  -3.702662E-03   3.496365E-05
  5.229134E+08   2.157668E-03   7.007933E-03  -3.659942E-03   3.542237E-05
  5.252727E+08   2.616152E-03   6.987458E-03  -3.603983E-03   3.536496E-05
  5.276426E+08   1.969579E-03   6.946219E-03  -3.549289E-03   3.484884E-05
  5.300232E+08   1.843168E-03   6.914584E-03  -3.507809E-03   3.322961E-05
  5.324146E+08   2.276513E-03   6.894256E-03  -3.486492E-03   2.981485E-05
  5.348167E+08   2.335274E-03   6.859031E-03  -3.486246E-03   2.487332E-05
  5.372297E+08   2.271788E-03   6.829485E-03  -3.502518E-03   2.059037E-05
  5.396536E+08   1.674881E-03   6.781574E-03  -3.527272E-03   2.056785E-05
  5.420884E+08   2.038211E-03   6.877495E-03  -3.551802E-03   2.473906E-05
  5.445341E+08   1.579701E-03   6.920356E-03  -3.569593E-03   2.904656E-05
  5.469910E+08   8.601073E-04   6.967837E-03  -3.578432E-03   3.048737E-05
  5.494588E+08   7.492272E-04   6.998630E-03  -3.581183E-03   2.802592E-05
  5.519379E+08   1.080763E-03   7.020329E-03  -3.585002E-03   2.228545E-05
  5.544281E+08   1.521785E-03   7.033120E-03  -3.599198E-03   1.557240E-05
  5.569296E+08   1.157739E-03   7.040333E-03  -3.632333E-03   1.229041E-05
  5.594423E+08   1.277888E-03   7.043118E-03  -3.689386E-03   1.452685E-05
  5.619664E+08   1.474778E-03   7.058895E-03  -3.769782E-03   1.766359E-05
  5.645019E+08   5.476206E-04   7.069719E-03  -3.866899E-03   1.899630E-05
  5.670488E+08   8.265528E-04   7.008614E-03  -3.969232E-03   1.891273E-05
  5.696072E+08   6.980393E-04   6.864950E-03  -4.062957E-03   1.914205E-05
  5.721771E+08   2.819102E-04   6.767921E-03  -4.135206E-03   2.064472E-05
  5.747586E+08   6.974870E-04   6.715267E-03  -4.177198E-03   2.244579E-05
  5.773518E+08   4.583466E-04   6.665132E-03  -4.186334E-03   2.308643E-05
  5.799567E+08   5.277582E-04   6.599023E-03  -4.166705E-03   2.211485E-05
  5.825734E+08   1.720732E-03   6.537844E-03  -4.127866E-03   2.033036E-05
  5.852018E+08   1.467369E-03   6.497048E-03  -4.082222E-03   1.908179E-05
  5.878421E+08   9.249740E-04   6.449016E-03  -4.041795E-03   1.887259E-05
  5.904943E+08   1.458801E-03   6.400792E-03  -4.015275E-03   1.891367E-05
  5.931585E+08   1.236167E-03   6.374530E-03  -4.006187E-03   1.849534E-05
  5.958347E+08   1.074131E-03   6.338254E-03  -4.012661E-03   1.802463E-05
  5.985230E+08   1.162241E-03   6.284422E-03  -4.028788E-03   1.842091E-05
  6.012234E+08   6.642916E-04   6.251269E-03  -4.047080E-03   1.955236E-05
  6.039360E+08   2.157597E-04   6.219566E-03  -4.061214E-03   2.011986E-05
  6.066608E+08   5.667553E-04   6.191410E-03  -4.068159E-03   1.914350E-05
  6.093979E+08   6.174056E-04   6.142063E-03  -4.069035E-03   1.703923E-05
  6.121474E+08   9.144946E-04   6.095098E-03  -4.068439E-03   1.569625E-05
  6.149093E+08   4.902148E-04   6.074266E-03  -4.072530E-03   1.658425E-05
  6.176836E+08   1.728035E-03   6.041302E-03  -4.086547E-03   1.839676E-05
  6.204704E+08   1.094964E-03   6.002069E-03  -4.112659E-03   1.896038E-05
  6.232699E+08   1.208458E-03   5.966619E-03  -4.148905E-03   1.750372E-05
  6.260819E+08   6.710773E-04   5.928240E-03  -4.189630E-03   1.498656E-05
  6.289067E+08   6.979900E-04   5.893078E-03  -4.227277E-03   1.344742E-05
  6.317442E+08   8.443744E-04   5.870636E-03  -4.254939E-03   1.370179E-05
  6.345944E+08   1.858189E-04   5.838475E-03  -4.268771E-03   1.408616E-05
  6.374576E+08   8.279420E-04   5.797223E-03  -4.269402E-03   1.307952E-05
  6.403337E+08   7.708052E-04   5.761578E-03  -4.261833E-03   1.094007E-05
  6.432227E+08   7.399624E-04   5.726379E-03  -4.253802E-03   9.517696E-06
  6.461248E+08   3.841164E-04   5.694071E-03  -4.253191E-03   1.008264E-05
  6.490400E+08   1.136358E-03   5.677078E-03  -4.265346E-03   1.114430E-05
  6.519683E+08   1.124300E-03   5.644017E-03  -4.291264E-03   1.119747E-05
  6.549098E+08   7.401024E-04   5.627686E-03  -4.327279E-03   1.048941E-05
  6.578646E+08   1.129388E-03   5.595721E-03  -4.366338E-03   1.042297E-05
  6.608328E+08   5.047726E-04   5.566256E-03  -4.400418E-03   1.167027E-05
  6.638143E+08   9.192543E-04   5.529862E-03  -4.423179E-03   1.344111E-05
  6.668093E+08   7.432084E-04   5.493919E-03  -4.431923E-03   1.511977E-05
  6.698178E+08   4.530018E-04   5.475618E-03  -4.428157E-03   1.671608E-05
  6.728399E+08   9.009598E-04   5.446542E-03  -4.416635E-03   1.800597E-05
  6.758756E+08   4.792062E-04   5.417063E-03  -4.403311E-03   1.816348E-05
  6.789250E+08   3.228271E-04   5.378750E-03  -4.393043E-03   1.641797E-05
  6.819881E+08   4.306982E-04   5.363921E-03  -4.387981E-03   1.291649E-05
  6.850651E+08   1.459384E-04   5.341479E-03  -4.387229E-03   9.344986E-06
  6.881560E+08   7.191988E-04   5.311803E-03  -4.387886E-03   8.579057E-06
  6.912608E+08   5.834250E-04   5.290703E-03  -4.386927E-03   1.011040E-05
  6.943796E+08   7.033415E-04   5.268838E-03  -4.383088E-03   1.083879E-05
  6.975125E+08   4.321071E-04   5.235252E-03  -4.377879E-03   9.826715E-06
  7.006595E+08   6.233672E-04   5.202799E-03  -4.375254E-03   7.970723E-06
  7.038207E+08   4.347931E-04   5.185038E-03  -4.380032E-03   6.744509E-06
  7.069962E+08   5.170608E-04   5.154180E-03  -4.395743E-03   6.372579E-06
  7.101860E+08   6.130538E-04   5.134160E-03  -4.422832E-03   6.075836E-06
  7.133902E+08   7.775184E-04   5.128935E-03  -4.458039E-03   6.305442E-06
  7.166089E+08   7.956186E-04   5.104172E-03  -4.495274E-03   7.813489E-06
  7.198421E+08   4.369999E-04   5.090353E-03  -4.527670E-03   9.631677E-06
  7.230898E+08   6.014847E-04   5.073006E-03  -4.549983E-03   1.062788E-05
  7.263523E+08   6.130181E-04   5.048148E-03  -4.560331E-03   1.072200E-05
  7.296294E+08   5.280247E-04   5.022719E-03  -4.560579E-03   1.052713E-05
  7.329213E+08   5.328873E-04   4.999719E-03  -4.555224E-03   1.025302E-05
  7.362281E+08   4.283672E-04   4.960779E-03  -4.549338E-03   9.351124E-06
  7.395498E+08   2.633125E-04   4.954453E-03  -4.546479E-03   7.593304E-06
  7.428865E+08   5.743783E-04   4.941238E-03  -4.547511E-03   6.131456E-06
  7.462382E+08   3.838114E-04   4.919904E-03  -4.550785E-03   6.536980E-06
  7.496051E+08   5.381053E-04   4.891839E-03  -4.553510E-03   7.643504E-06
  7.529872E+08   6.597098E-04   4.865071E-03  -4.553558E-03   7.898034E-06
  7.563845E+08   6.172030E-04   4.837713E-03  -4.550778E-03   7.641319E-06
  7.597971E+08   2.474787E-04   4.830857E-03  -4.547162E-03   8.127175E-06
  7.632251E+08   1.730380E-04   4.807798E-03  -4.545792E-03   9.213485E-06
  7.666687E+08   3.780116E-04   4.783102E-03  -4.549151E-03   9.665880E-06
  7.701277E+08   1.412205E-04   4.757342E-03  -4.557694E-03   9.089541E-06
  7.736023E+08   6.324114E-04   4.744804E-03  -4.569474E-03   8.132031E-06
  7.770927E+08   3.603870E-04   4.724568E-03  -4.581034E-03   7.383183E-06
  7.805987E+08   7.911041E-04   4.702919E-03  -4.589155E-03   6.499421E-06
  7.841206E+08   1.991500E-04   4.677365E-03  -4.592537E-03   5.174545E-06
  7.876584E+08   5.782006E-04   4.669789E-03  -4.592536E-03   4.279157E-06
  7.912122E+08   1.708672E-04   4.646839E-03  -4.592540E-03   4.567855E-06
  7.947819E+08   2.040677E-04   4.625238E-03  -4.596275E-03   4.787463E-06
  7.983678E+08  -9.974949E-03   4.605572E-03  -4.605908E-03   4.156196E-06
  8.019699E+08   5.307166E-04   4.587805E-03  -4.620925E-03   3.583692E-06
  8.055882E+08   4.155590E-04   4.561468E-03  -4.638348E-03   4.213864E-06
  8.092228E+08   4.730353E-04   4.549642E-03  -4.654165E-03   5.366589E-06
  8.128738E+08   5.849117E-04   4.529964E-03  -4.665186E-03   6.737519E-06
  8.165414E+08   2.627513E-04   4.508759E-03  -4.670345E-03   8.524157E-06
  8.202254E+08   5.019368E-04   4.492722E-03  -4.670815E-03   1.003842E-05
  8.239261E+08   5.825620E-04   4.474296E-03  -4.668953E-03   1.021834E-05
  8.276435E+08   7.403902E-04   4.459384E-03  -4.666791E-03   8.737262E-06
  8.313776E+08   3.532442E-04   4.437144E-03  -4.664972E-03   6.400785E-06
  8.351286E+08   2.275328E-04   4.419391E-03  -4.662765E-03   4.737066E-06
  8.388965E+08  -9.963722E-03   4.406462E-03  -4.659071E-03   4.327883E-06
  8.426814E+08   1.641828E-04   4.387173E-03  -4.653737E-03   4.156438E-06
  8.464834E+08   3.743350E-04   4.365002E-03  -4.648262E-03   3.857189E-06
  8.503026E+08   1.737855E-04   4.353694E-03  -4.645381E-03   3.504330E-06
  8.541390E+08   2.949955E-04   4.334256E-03  -4.647705E-03   2.924984E-06
  8.579926E+08   2.198937E-04   4.317248E-03  -4.656200E-03   2.861001E-06
  8.618637E+08   2.819395E-04   4.299229E-03  -4.669469E-03   4.117360E-06
  8.657523E+08   3.742221E-04   4.284048E-03  -4.684297E-03   5.438177E-06
  8.696583E+08   2.529005E-04   4.333371E-03  -4.697190E-03   6.099107E-06
  8.735820E+08   1.551441E-04   4.410593E-03  -4.706013E-03   6.446779E-06
  8.775235E+08   2.091986E-04   4.457100E-03  -4.710780E-03   6.755391E-06
  8.814826E+08   3.565488E-04   4.492717E-03  -4.713185E-03   6.486647E-06
  8.854597E+08   2.481339E-04   4.518066E-03  -4.715247E-03   5.261608E-06
  8.894547E+08   6.501588E-07   4.544253E-03  -4.717982E-03   3.763305E-06
  8.934677E+08   1.101934E-04   4.545462E-03  -4.720955E-03   3.170283E-06
  8.974989E+08   5.307046E-04   4.444881E-03  -4.722909E-03   3.145082E-06
  9.015482E+08  -9.962599E-03   4.377363E-03  -4.722961E-03   3.294268E-06
  9.056158E+08   3.360190E-04   4.332527E-03  -4.721457E-03   4.326953E-06
  9.097017E+08   1.161206E-04   4.303781E-03  -4.719852E-03   5.627140E-06
  9.138061E+08   3.126939E-04   4.274215E-03  -4.719712E-03   6.251552E-06
  9.179290E+08   4.751325E-04   4.244151E-03  -4.721574E-03   6.136230E-06
  9.220705E+08  -9.970522E-03   4.221814E-03  -4.724540E-03   5.643982E-06
  9.262306E+08   1.037285E-04   4.193217E-03  -4.726936E-03   4.964711E-06
  9.304096E+08   1.354425E-04   4.164834E-03  -4.727595E-03   4.377764E-06
  9.346074E+08   5.454446E-04   4.146212E-03  -4.726842E-03   4.266173E-06
  9.388241E+08   2.958989E-04   4.121427E-03  -4.726426E-03   4.157054E-06
  9.430599E+08   1.755382E-04   4.097767E-03  -4.728425E-03   3.389436E-06
  9.473148E+08   2.112974E-04   4.072246E-03  -4.733862E-03   2.318016E-06
  9.515889E+08   1.716080E-04   4.063838E-03  -4.742010E-03   2.074400E-06
  9.558822E+08  -9.961766E-03   4.040744E-03  -4.750859E-03   2.790280E-06
  9.601950E+08   1.458953E-04   4.026020E-03  -4.758357E-03   4.199431E-06
  9.645271E+08   1.738771E-05   4.000497E-03  -4.763514E-03   5.858867E-06
  9.688789E+08   1.237878E-04   3.984030E-03  -4.766595E-03   6.779251E-06
  9.732502E+08   2.597167E-04   3.960988E-03  -4.768397E-03   6.433082E-06
  9.776413E+08  -9.968715E-03   3.939420E-03  -4.769294E-03   5.234850E-06
  9.820522E+08   1.272461E-04   3.927508E-03  -4.768919E-03   4.155120E-06
  9.864830E+08   1.470976E-04   3.910976E-03  -4.766726E-03   3.801731E-06
  9.909338E+08   2.111803E-04   3.898309E-03  -4.762925E-03   3.932353E-06
  9.954047E+08  -9.973871E-03   3.884403E-03  -4.758904E-03   3.939967E-06
  9.998958E+08   1.510163E-04   3.875986E-03  -4.756652E-03   3.470331E-06
  1.004407E+09   1.332913E-04   3.864442E-03  -4.757559E-03   3.032986E-06
  1.008939E+09   2.777027E-04   3.850286E-03  -4.761505E-03   3.448114E-06
  1.013491E+09  -9.973386E-03   3.834215E-03  -4.766994E-03   4.205199E-06
  1.018064E+09   1.578810E-05   3.820929E-03  -4.772229E-03   4.805333E-06
  1.022657E+09   4.297511E-05   3.806067E-03  -4.776271E-03   5.207348E-06
  1.027271E+09   9.286636E-05   3.793614E-03  -4.779390E-03   5.089537E-06
  1.031906E+09   8.458748E-05   3.780649E-03  -4.782405E-03   4.254895E-06
  1.036561E+09   1.022916E-04   3.764531E-03  -4.785699E-03   3.197024E-06
  1.041238E+09  -9.965864E-03   3.749299E-03  -4.788802E-03   2.617860E-06
  1.045936E+09   1.268543E-04   3.737994E-03  -4.790889E-03   2.691995E-06
  1.050655E+09   9.192314E-05   3.724913E-03  -4.791654E-03   3.415539E-06
  1.055395E+09  -9.963894E-03   3.711149E-03  -4.791676E-03   4.337063E-06
  1.060157E+09   3.004640E-06   3.698129E-03  -4.791896E-03   4.890778E-06
  1.064940E+09   6.048518E-05   3.687097E-03  -4.792705E-03   5.005564E-06
  1.069745E+09  -9.963853E-03   3.676772E-03  -4.793543E-03   4.842754E-06
  1.074571E+09  -9.967069E-03   3.665933E-03  -4.793468E-03   4.566198E-06
  1.079420E+09   1.075910E-04   3.651555E-03  -4.792181E-03   4.377357E-06
  1.084290E+09  -9.964663E-03   3.635236E-03  -4.790540E-03   4.142032E-06
  1.089182E+09  -9.971496E-03   3.623726E-03  -4.790031E-03   3.517915E-06
  1.094096E+09   1.811977E-04   3.609505E-03  -4.791638E-03   2.662524E-06
  1.099032E+09   8.863690E-05   3.598997E-03  -4.795143E-03   2.224075E-06
  1.103991E+09  -9.969550E-03   3.584138E-03  -4.799446E-03   2.741633E-06
  1.108972E+09   1.230422E-04   3.567771E-03  -4.803528E-03   3.913540E-06
  1.113975E+09  -9.965311E-03   3.548655E-03  -4.807076E-03   4.893128E-06
  1.119001E+09  -9.971697E-03   3.538561E-03  -4.810231E-03   5.109852E-06
  1.124050E+09   1.625166E-05   3.526653E-03  -4.812862E-03   4.633090E-06
  1.129121E+09  -9.962238E-03   3.511083E-03  -4.814297E-03   3.989709E-06
  1.134216E+09   4.736076E-05   3.497798E-03  -4.813895E-03   3.737519E-06
  1.139333E+09   5.526391E-06   3.491537E-03  -4.811888E-03   3.894447E-06
  1.144474E+09  -9.964615E-03   3.478593E-03  -4.809527E-03   3.900786E-06
  1.149637E+09  -9.962560E-03   3.464768E-03  -4.808240E-03   3.542959E-06
  1.154824E+09   1.186397E-05   3.457795E-03  -4.808581E-03   3.283037E-06
  1.160034E+09   1.582302E-04   3.444566E-03  -4.809986E-03   3.548240E-06
  1.165268E+09  -9.967895E-03   3.437720E-03  -4.811553E-03   4.121297E-06
  1.170526E+09  -9.974865E-03   3.433423E-03  -4.812970E-03   4.493773E-06
  1.175807E+09  -9.965537E-03   3.426990E-03  -4.814634E-03   4.291177E-06
  1.181112E+09  -9.965750E-03   3.426047E-03  -4.816913E-03   3.604533E-06
  1.186441E+09  -9.972960E-03   3.416767E-03  -4.819508E-03   2.946115E-06
  1.191794E+09   7.616044E-05   3.414493E-03  -4.821664E-03   2.869784E-06
  1.197171E+09   2.445913E-05   3.458948E-03  -4.823000E-03   3.410003E-06
  1.202572E+09  -9.965211E-03   3.555708E-03  -4.823898E-03   3.988365E-06
  1.207998E+09  -9.969557E-03   3.610941E-03  -4.824968E-03   4.230387E-06
  1.213448E+09   3.304506E-06   3.652045E-03  -4.826186E-03   4.231575E-06
  1.218923E+09  -9.983993E-03   3.682620E-03  -4.826801E-03   4.221020E-06
  1.224422E+09  -9.963859E-03   3.615489E-03  -4.826178E-03   4.265034E-06
  1.229947E+09  -9.967979E-03   3.549587E-03  -4.824656E-03   4.171348E-06
  1.235496E+09  -9.966740E-03   3.513986E-03  -4.823372E-03   3.731010E-06
  1.241070E+09  -9.963765E-03   3.485882E-03  -4.823255E-03   3.099667E-06
  1.246670E+09   3.858193E-05   3.464805E-03  -4.824311E-03   2.771637E-06
  1.252294E+09   4.403780E-05   3.442698E-03  -4.825960E-03   3.145791E-06
  1.257944E+09  -9.965194E-03   3.438269E-03  -4.827869E-03   3.851123E-06
  1.263620E+09  -9.972169E-03   3.430242E-03  -4.830166E-03   4.230452E-06
  1.269321E+09   4.433595E-05   3.425369E-03  -4.832825E-03   4.121748E-06
  1.275048E+09   4.274052E-05   3.425626E-03  -4.835147E-03   3.824452E-06
  1.280801E+09  -9.969082E-03   3.420882E-03  -4.836209E-03   3.709712E-06
  1.286580E+09  -9.970327E-03   3.419887E-03  -4.835826E-03   3.820848E-06
  1.292384E+09   8.293765E-06   3.418340E-03  -4.834819E-03   3.832204E-06
  1.298215E+09  -9.975192E-03   3.421971E-03  -4.834194E-03   3.623271E-06
  1.304072E+09  -9.978650E-03   3.423519E-03  -4.834190E-03   3.498140E-06
  1.309956E+09  -9.973355E-03   3.420447E-03  -4.834348E-03   3.727615E-06
  1.315866E+09  -9.971590E-03   3.410406E-03  -4.834389E-03   4.067633E-06
  1.321803E+09  -9.981217E-03   3.396620E-03  -4.834667E-03   4.071255E-06
  1.327767E+09  -9.974306E-03   3.388831E-03  -4.835631E-03   3.683874E-06
  1.333758E+09  -9.985460E-03   3.385872E-03  -4.837117E-03   3.246147E-06
  1.339775E+09  -9.976705E-03   3.381657E-03  -4.838510E-03   3.177493E-06
  1.345820E+09  -9.975055E-03   3.378894E-03  -4.839556E-03   3.535273E-06
  1.351892E+09  -9.971680E-03   3.375075E-03  -4.840624E-03   3.848426E-06
  1.357992E+09  -9.975208E-03   3.372079E-03  -4.842009E-03   3.881187E-06
  1.364118E+09  -9.965590E-03   3.369678E-03  -4.843275E-03   3.863236E-06
  1.370273E+09  -9.970089E-03   3.366767E-03  -4.843646E-03   3.994071E-06
  1.376455E+09  -9.971634E-03   3.362011E-03  -4.842971E-03   4.093614E-06
  1.382666E+09  -9.977641E-03   3.358969E-03  -4.841961E-03   3.883256E-06
  1.388904E+09  -9.971150E-03   3.353103E-03  -4.841395E-03   3.441533E-06
  1.395170E+09  -9.967631E-03   3.340212E-03  -4.841408E-03   3.207051E-06
  1.401465E+09  -9.968210E-03   3.326242E-03  -4.841774E-03   3.457633E-06
  1.407788E+09   5.081387E-07   3.321851E-03  -4.842543E-03   3.800004E-06
  1.414140E+09  -9.973550E-03   3.316357E-03  -4.843967E-03   3.828562E-06
  1.420520E+09  -9.973059E-03   3.311986E-03  -4.845831E-03   3.668162E-06
  1.426929E+09  -9.964816E-03   3.305838E-03  -4.847351E-03   3.632813E-06
  1.433367E+09  -9.975452E-03   3.304030E-03  -4.847961E-03   3.787251E-06
  1.439834E+09  -9.976655E-03   3.300951E-03  -4.847918E-03   3.857421E-06
  1.446331E+09  -9.979773E-03   3.296912E-03  -4.847848E-03   3.696966E-06
  1.452856E+09  -9.980322E-03   3.290696E-03  -4.847916E-03   3.595404E-06
  1.459411E+09  -9.974943E-03   3.289762E-03  -4.847826E-03   3.770214E-06
  1.465996E+09  -9.966557E-03   3.283785E-03  -4.847522E-03   3.941432E-06
  1.472610E+09  -9.967804E-03   3.280353E-03  -4.847417E-03   3.820858E-06
  1.479254E+09  -9.986636E-03   3.272299E-03  -4.847803E-03   3.517474E-06
  1.485928E+09  -9.971735E-03   3.263456E-03  -4.848469E-03   3.384018E-06
  1.492632E+09  -9.973338E-03   3.249275E-03  -4.849134E-03   3.576658E-06
  1.499366E+09  -9.975404E-03   3.241182E-03  -4.849935E-03   3.746238E-06
  1.506131E+09  -9.987135E-03   3.238442E-03  -4.851088E-03   3.690088E-06
  1.512927E+09  -9.973071E-03   3.235064E-03  -4.852278E-03   3.680939E-06
  1.519753E+09  -9.966861E-03   3.230113E-03  -4.852863E-03   3.861526E-06
  1.526609E+09  -9.987715E-03   3.341785E-03  -4.852663E-03   3.964581E-06
  1.533497E+09  -9.983827E-03   3.465540E-03  -4.852141E-03   3.773418E-06
  1.540416E+09  -9.989326E-03   3.549676E-03  -4.851757E-03   3.513114E-06
  1.547366E+09  -9.985564E-03   3.609646E-03  -4.851565E-03   3.546888E-06
  1.554347E+09  -9.981189E-03   3.487734E-03  -4.851578E-03   3.722745E-06
  1.561360E+09  -9.990425E-03   3.415265E-03  -4.852042E-03   3.700744E-06
  1.568405E+09   1.118179E-05   3.373698E-03  -4.853031E-03   3.573288E-06
  1.575481E+09  -9.973075E-03   3.344839E-03  -4.854109E-03   3.603645E-06
  1.582589E+09  -9.986949E-03   3.328657E-03  -4.854794E-03   3.770611E-06
  1.589730E+09  -9.978321E-03   3.311346E-03  -4.855129E-03   3.789812E-06
  1.596902E+09  -9.979437E-03   3.302632E-03  -4.855425E-03   3.661152E-06
  1.604107E+09  -9.978123E-03   3.293139E-03  -4.855658E-03   3.691898E-06
  1.611344E+09  -9.997265E-03   3.287748E-03  -4.855582E-03   3.846279E-06
  1.618614E+09  -9.977714E-03   3.272704E-03  -4.855284E-03   3.825634E-06
  1.625917E+09  -9.986266E-03   3.252300E-03  -4.855129E-03   3.622103E-06
  1.633253E+09  -9.976111E-03   3.239693E-03  -4.855239E-03   3.517830E-06
  1.640622E+09  -9.988360E-03   3.226393E-03  -4.855485E-03   3.625269E-06
  1.648024E+09  -9.996001E-03   3.221464E-03  -4.855931E-03   3.676903E-06
  1.655460E+09  -9.986211E-03   3.213648E-03  -4.856745E-03   3.620740E-06
  1.662929E+09  -9.986587E-03   3.203528E-03  -4.857694E-03   3.690685E-06
  1.670431E+09  -9.992456E-03   3.195355E-03  -4.858260E-03   3.845223E-06
  1.677968E+09  -9.990772E-03   3.187843E-03  -4.858297E-03   3.825486E-06
  1.685539E+09  -9.983887E-03   3.181228E-03  -4.858106E-03   3.655605E-06
  1.693143E+09  -9.986425E-03   3.169909E-03  -4.857897E-03   3.621928E-06
  1.700782E+09  -9.982022E-03   3.153970E-03  -4.857681E-03   3.711159E-06
  1.708456E+09  -9.979854E-03   3.137609E-03  -4.857633E-03   3.692266E-06
  1.716164E+09  -9.982545E-03   3.129215E-03  -4.857979E-03   3.622863E-06
  1.723907E+09  -9.991776E-03   3.122763E-03  -4.858572E-03   3.651663E-06
  1.731685E+09  -9.995194E-03   3.117109E-03  -4.859081E-03   3.717063E-06
  1.739498E+09  -9.981742E-03   3.109230E-03  -4.859490E-03   3.669455E-06
  1.747346E+09  -9.983925E-03   3.104901E-03  -4.859930E-03   3.644040E-06
  1.755230E+09  -9.975071E-03   3.101005E-03  -4.860250E-03   3.757156E-06
  1.763149E+09  -9.989166E-03   3.094807E-03  -4.860249E-03   3.822701E-06
  1.771104E+09  -9.978230E-03   3.086945E-03  -4.860062E-03   3.737866E-06
  1.779095E+09  -9.991717E-03   3.083866E-03  -4.859913E-03   3.641890E-06
  1.787122E+09  -9.994978E-03   3.077148E-03  -4.859836E-03   3.637624E-06
  1.795185E+09  -9.988869E-03   3.071543E-03  -4.859915E-03   3.615934E-06
  1.803284E+09  -9.994745E-03   3.065146E-03  -4.860343E-03   3.605130E-06
  1.811420E+09  -9.989935E-03   3.058651E-03  -4.861013E-03   3.707576E-06
  1.819593E+09  -9.986929E-03   3.054740E-03  -4.861546E-03   3.795348E-06
  1.827803E+09  -9.976811E-03   3.047985E-03  -4.861784E-03   3.746362E-06
  1.836049E+09  -9.985163E-03   3.042369E-03  -4.861830E-03   3.679328E-06
  1.844333E+09  -9.980813E-03   3.036537E-03  -4.861728E-03   3.691445E-06
  1.852654E+09  -9.997083E-03   3.122977E-03  -4.861546E-03   3.682482E-06
  1.861013E+09  -9.983165E-03   3.300776E-03  -4.861495E-03   3.668666E-06
  1.869410E+09  -9.977765E-03   3.417540E-03  -4.861658E-03   3.695518E-06
  1.877844E+09  -9.984639E-03   3.394724E-03  -4.861902E-03   3.698574E-06
  1.886316E+09  -9.998223E-03   3.230451E-03  -4.862202E-03   3.641251E-06
  1.894827E+09  -9.996311E-03   3.163603E-03  -4.862611E-03   3.643794E-06
  1.903376E+09  -9.982381E-03   3.129369E-03  -4.862998E-03   3.722107E-06
  1.911964E+09  -9.995658E-03   3.111181E-03  -4.863183E-03   3.755082E-06
  1.920590E+09  -9.999847E-03   3.100772E-03  -4.863169E-03   3.744057E-06
  1.929255E+09  -9.986500E-03   3.090699E-03  -4.863023E-03   3.717487E-06
  1.937960E+09  -9.988121E-03   3.076739E-03  -4.862840E-03   3.657766E-06
  1.946703E+09  -9.985403E-03   3.053682E-03  -4.862828E-03   3.599083E-06
  1.955486E+09  -9.988981E-03   3.029429E-03  -4.863108E-03   3.650138E-06
  1.964309E+09  -9.988286E-03   3.015605E-03  -4.863527E-03   3.727068E-06
  1.973172E+09  -9.984608E-03   3.006282E-03  -4.863885E-03   3.729855E-06
  1.982074E+09  -9.992471E-03   2.998086E-03  -4.864111E-03   3.714779E-06
  1.991017E+09  -9.991023E-03   2.991089E-03  -4.864178E-03   3.706316E-06
  2.000000E+09  -9.992087E-03   2.980741E-03  -4.864126E-03   3.669546E-06